0 1 2 3 5 6 143 21 154 39 425 298 174 315 64 325 464 86 103 239 240 122 252
4 7 8 135 138 11 12 392 19 147 278 416 290 37 422 43 44 45 173 49 305 434 181 54 66 73 332 106 234 236 109 365 374 249 254
131 133 390 9 10 16 17 23 285 31 165 301 46 57 60 190 318 67 454 329 75 211 477 94 359 104 112 372 246 126
393 268 13 15 25 289 421 296 48 304 50 51 311 322 323 338 83 85 213 342 120 222 98 485 107 241 119 248 378 123
386 14 145 18 162 36 164 40 41 297 426 310 188 333 207 471 220 351 352 225 479 110 111 379 253 255
259 262 399 400 20 151 24 153 156 160 34 294 170 177 435 183 184 76 204 474 102 358 487 238 114 245 376
384 405 22 28 179 309 55 56 186 443 446 319 195 77 80 81 91 93 95 353 232 118 127
389 280 26 35 300 302 313 185 194 326 200 205 334 208 339 212 473 92 478 96 488 105
129 258 141 279 27 29 288 33 420 293 171 47 178 52 436 59 447 321 450 199 460 461 467 84 344 218 219 346 99 494 382
385 144 152 30 32 163 38 428 182 192 65 68 324 70 201 203 206 82 341 217 481 355 228 229 230 233 108 242 250
270 150 287 42 306 53 61 191 69 71 209 466 469 87 97 361 368 369 115
224 482 101 197 136 168 139 172 235 142 303 176 210 276 58 475 62
132 267 146 284 169 175 63 74 463 465 88 89 90 221 237 113 117 380 121 124
128 388 134 140 148 281 155 412 286 159 312 314 449 72 79 337 100 489 362 497
196 357 167 202 492 78 251 272 274 499 116 149 406 187 157
161 130 193 292 261 417 328 360 269 371 180 468 407 216 409 317 125 223
260 295 264 137 299 395 404 277 440 347 189 415
414 356 166 198 367 401 244 343 158
226 291 387 453 231 455 457 366 430 307 373 214 247 476 348 349
256 263 265 459 396 491 398 462 273 308 215 408 413
227 327 266 330 394 493 336 275 340
257 451 271 370 243 316
354 377 331 495 496 345 282 283 444 381
320 483 486 431 335
419 423 490 363 364 350
410 437 375
391 448 424 383
418 427 397 403 470 441 445
456 402 411
480 484 429 498 438 472 442
432 433 458
452 439

