0 1 2 128 4 18 20 151 410 284 44 181 63 65 452 201 202 209 82 222 95 481 240 125
3 260 5 7 394 11 142 16 280 153 30 34 180 55 439 188 317 447 192 67 73 329 81 212 350 356 236 237 239 120 377 127
6 15 145 31 36 37 428 46 175 48 51 443 189 320 332 461 89 478 358 233 107 363 492
262 8 137 12 143 22 23 24 26 155 288 162 43 50 307 311 184 57 187 445 190 64 193 77 463 85 115 374 247 123
258 135 263 9 266 400 19 21 415 38 301 178 435 61 66 451 69 70 217 473 228 109 494 372 246 124
261 10 17 403 28 416 291 421 296 326 457 465 83 88 472 480 100 232 362 110 116 253
129 387 134 396 13 14 146 278 25 27 285 159 32 33 422 300 45 195 197 198 76 335 467 86 342 90 223 352 97 226 102 365 114 122
68 420 423 104 265 361 459 47 176 399 242 275 432 149 54 58 29 62
257 382 133 139 407 156 157 286 290 35 292 41 170 172 49 440 318 325 71 72 333 343 92 351 99 101 485 112 113 369 378 126
259 132 39 40 42 174 305 53 56 316 323 199 206 79 80 84 105 498 245 248
256 395 269 397 283 161 163 294 52 183 446 449 74 75 203 205 208 87 216 345 221 489 108 493 111 371 251
96 227 229 136 200 314 398 179 308 404 118 312 154 59 60 93
354 185 196 166 281 168 328 425 78 144 243 276 150 182 406 121 218 413
138 268 405 279 191 321 210 347 91 94 98 357 231 488 106 234 235 366 241 380
160 225 417 131 453 103 267 460 141 270 367 304 273 402 211 117 277
130 418 230 169 140 272 337 306 370 148 310 119 348 349 287
384 388 479 401 147 244 341 444 414 255
385 194 322 390 295 167 491 177 468 309 152 315 383
355 389 331 171 429 338 213 186 158
224 289 483 164 165 293 393 173 238 346 499 475 375 282 219
324 327 204 303 496 340 214 344 252 381 254
455 297 330 299 427 207 336 497 313
353 484 264 424 298 302 274 437 215 250 220 477
448 359 464 436 373 249 442 412 319
458 334 271 411 408 379
434 339 364 454
360 486
368 426 391
376 495
386 430
471 482 392 470 438 441 476
409
490 419 469 462
450 431
433 474
456
466
487

