0 1 2 256 8 140 13 17 20 278 23 283 286 35 170 51 54 185 59 192 195 201 74 205 206 231 105 112
153 3 132 5 165 39 40 226 262 266 176 152 121 90 126
130 4 7 135 136 141 270 15 276 277 150 24 281 159 31 167 168 177 50 181 182 56 57 191 202 78 84 100 101 229 107
128 133 6 10 12 147 149 22 26 28 294 175 70 77 211 225 103 108 113 255
64 129 67 291 198 9 41 11 43 139 14 49 114 214 25 58 222 95
224 65 99 259 38 166 73 42 16 19 83 148 213 183 88 188
269 272 18 21 37 171 45 79 216 89 93 97 234 240 116 244 246 119 250
258 261 134 144 146 27 162 36 293 296 46 48 178 69 81 219 239 118 120
96 193 194 131 68 164 106 75 109 174 47 117 184 217 91 252 29 253
257 264 138 271 156 285 30 287 32 33 34 44 189 196 76 207 111 248 123 124
160 98 199 203 173 279 241 82 275 52 53 247 154 60 61
289 263 200 204 236 110 142 209 179 55 87 94 127
288 66 292 71 72 137 233 265 282 237 238 242 243 122 92 125 62 63
260 143 274 155 157 180 187 190 197 80 212 85 86 223 227 102 104 235 115 245 251
228 230 145 151 249 221 158
161 232 273 210 215 218
163 295 169 297 299 172 268 208 186 220
254
280 298 267 284
290

