0 1 2 290 261 262 7 40 104 200 250 50 178 22 88 26 60
33 65 3 163 6 8 136 201 12 115 243 276 214 23 57 218 59 190
4 196 76 44 77 109 110 175 236 274 52 85 180 120 281 27 127
128 5 266 142 147 286 34 291 164 167 41 172 187 189 74 75 202 204 217 92 97 105 238 241 118 121
292 38 70 9 10 11 235 14 47 16 208 19 278 24 58
138 13 20 279 32 39 45 49 54 55 192 210 86 220 99 102 103 244 117 253
263 15 17 145 21 151 156 29 158 31 46 183 64 67 79 80 81 245 247
288 98 130 36 42 108 174 48 18 51 149 152 89 91 284 93 126 63
96 129 199 295 73 282 173 269 270 112 83 275 25 90 28 94
256 132 268 150 30 37 169 56 188 61 62 66 71 82 212 215 101 107 114 242
162 35 69 230 293 72 168 232 43 267 211 84 53 213
289 68 170 237 78 184 249 124 216
228 260 134 240 113 283 87 122 219
224 100 141 205 209 148 119 123 95
225 131 165 106 146 277 125
137 111 176 271 186 285 191
197 135 234 298 144 116 154 222
161 194 257 258 133 198 296 207 273 185 251 157 159
229 139 203 239 177 179 182 153 221
259 166 264 265 140 206 155 223
171 299 143 181 246 248 252
160 280 294 255
193 226 195 227 231 233 297
272 254
287

