0 5 135 10 138 16 24 169 170 44 172 51 181 184 57 186 80 84 89 228 101 234 120 250
1 4 263 267 12 15 272 21 152 33 161 36 37 295 40 53 61 68 201 78 82 226 102 105 236 239 112 253
2 67 99 195 73 11 43 14 271 81 50 209 52 54 23 248 27 252
225 130 3 6 38 8 9 39 72 171 13 174 117 182 123 94
129 7 143 273 146 22 25 281 30 159 32 47 175 176 183 71 203 77 205 83 96 104 121 122
141 17 18 19 20 147 153 28 31 35 48 49 66 76 87 88 223 97 110 114
160 34 98 259 249 45 177 179 244 247 280 185 26 124 95
132 134 136 140 156 29 290 41 42 55 59 189 190 65 204 90 109 111 115
261 157 286 163 166 297 298 46 56 188 62 196 202 79 208 86 218 91 93 229
64 288 258 197 103 241 214 254 58 155 126
194 69 165 293 200 265 269 60 251 178 220 277 151 187 92 63
70 198 74 75 108 113 145 242 180 212 119 219
100 164 168 106 139 266 237 206 274 85 118 246 278 154 125
224 107 173 207 144 116 245 150 221
128 256 133 167 137 142 149 213 216 282 222 127
192 257 162 131 227 296 284 158
199 231 233 264 268 148 279 191
193 289 291 210 211 215
292 240 275 276 217
260 230 232 299 238 255
262 235 270 243 283 285
287
294

