0 9 14 271 164 38 167 51 52 187 59 66 68 204 206 79 213 91 97 241 243 244 119 249 252
1 2 259 10 11 267 24 29 30 160 33 168 46 47 54 69 224 108 121
32 130 3 294 199 8 72 74 201 77 177 23 55 285 61 254 223
257 4 5 7 140 13 148 25 27 156 293 41 44 48 56 184 190 226 105 107 115 123
162 67 36 132 6 135 232 258 170 43 12 60 240 22 120 28 157 94
256 264 265 15 16 17 18 19 274 150 26 31 34 35 169 58 71 73 217 220 96 101 110 111 113 246 127
37 134 197 137 233 45 49 146 20 21 53 84 87 57 219 191
194 39 141 269 149 218 126
65 100 292 40 104 42 138 117 247 281 90 188
128 161 133 102 263 136 75 78 238 50 118 279 153 155 93
98 260 70 171 236 205 174 145 209 210 212 275 86 89 122 158 62 95
103 76 143 211 88 63
64 129 192 288 291 165 106 235 172 109 81 82 216 159
229 230 262 297 142 92 80 208 85 214 251 124 287
193 237 239 112 114 83 179
99 163 234 270 144 250 189
166 266 173 116 245 182 152 185 125 253
225 131 242 276 277
195 196 261 202 139 203 298 180 280 154 221
198 175 273 147 215 151 283 255
227 200 299 176 181 278 186 222
228 268 207 178 183 248 282
231
272 290 284 286
296 289 295

