0 129 5 12 269 145 27 28 30 289 294 43 188 64 75 76 205 212 96 243 245 120
128 1 2 130 4 262 9 10 15 19 24 26 155 32 175 51 62 195 196 70 72 219 100 240 114 244
3 260 6 7 8 11 13 16 18 276 154 33 36 39 40 49 182 57 185 215 90 218 102 116 119 124
131 259 14 22 23 29 162 35 164 37 166 41 46 58 59 61 69 74 81 82 89 98 239 121
135 263 17 20 21 25 157 286 31 38 42 171 52 53 56 190 66 198 214 99 122 126
267 272 151 288 34 170 44 172 48 187 60 68 71 88 97 225 231 233 108
132 261 148 283 285 158 292 299 45 54 55 63 192 197 77 86 87 91 221 101 103 234 236 109 248
67 227 199 104 105 78 47 110 115 84 85 249 189
256 65 194 133 73 202 107 173 80 50 83 147 184 250 284 93 255
193 296 169 266 139 142 79 112 113 275
223 258 228 229 201 268 279 220 183 152 92 94 95
106 203 238 177 181 118 123 252 222
141 237 111 144 208 209 179
226 291 204 146 117 277 282 251
295 168 149 246 247 217 125 253
224 165 167 137 210 127
160 161 134 230 200 264 265 143 241 273 280
136 232 140 207 211 213 281 156 191
163 138 271 180 150 159
178 274 278 153 254
216 174
176 235 206 270
257 290 293 242 186
297 287
298

