0 3 7 11 19 27 156 29 38 297 170 47 52 191 197 200 75 76 77 79 210 220 100 101 107
1 2 5 136 9 12 15 146 278 31 32 34 168 178 67 82 84 87 224 97 117 118 253
4 132 6 196 73 233 44 236 50 20 215 251 92
96 68 262 8 247 106 205 14 238 177 18 151 155
160 33 134 199 105 10 172 13 269 111 208 85 56 254
271 16 17 149 24 26 30 159 291 165 43 171 48 54 61 65 204 91 109 113 122 125
135 264 202 110 80 21 277 55 153
64 35 36 249 261 104 174 244 53 22 23 86 25 90 252 120 189
248 280 201 139 108 45 78 216 57 28 285
256 131 260 37 229 41 74 123 266 298 142 145 274 83 59 124
71 39 42 234 250 46 246 152 217 186 157 190
193 66 98 228 40 72 137 270 272 49 81 275 119 88 185 58 158 286
194 163 70 167 231 169 51 60 94
162 223 69 268 239 183 62 63
288 129 255 230 295 276 89 282 126 127
99 227 259 102 296 267 112 209 93
225 154 240 242 115 212 279 218 221 95
290 164 198 103 175 147 180 213 182
257 226 133 138 140 141 273 114 219
128 161 258 195 143 144 207 241 283 116 284 281 187 188
130 232 265 235 237 206 148 245 184 121
150
289 166 203 179 243 287
192 173 176 211 181 222
214
299 293 263
292 294

