0 2 4 137 14 16 19 22 150 27 29 161 58 84 87 215 89 94 97 102 103 105 111 247 248
1 225 255 69 6 261 299 12 13 207 144 81 20 181 218 253 31
3 7 136 265 10 146 279 153 32 35 38 41 42 184 59 61 65 199 211 231 117 126
5 8 139 271 276 149 30 34 44 173 183 68 70 201 83 214 221 223 109 114 246 252
131 135 9 11 15 21 152 156 163 292 39 168 296 45 46 49 50 51 177 186 190 191 73 216 95 110 249
132 260 17 157 285 159 289 162 164 167 55 192 194 210 212 91 96 226 100 251 124
134 18 275 277 23 284 160 33 170 176 185 60 62 76 77 80 88 112 241 118
268 143 148 24 25 26 28 287 40 43 48 180 53 57 67 195 72 74 78 213 86 93
264 266 142 145 283 36 166 297 182 66 71 202 75 204 82 90 219 227 101 108 115 116 243 125
64 288 98 37 165 171 47 244 85 54 119 120 254 63
263 267 273 151 280 290 174 52 56 203 79 217 92 99 107 113 245 250 127
256 257 154 104 295 106 235 141 281 122 220
133 197 298 172 236 238 208 240 179 121 187 158
200 234 205 206 239 270 272 278 123 188 189
128 293 169 269 178
129 130 193 196 198 230 138 140 237 175 147
224 258 291 228 155 222
259 229 232 233 209 282
242
274 262 286
294

