0 1 2 4 5 6 134 8 135 11 143 16 18 19 20 150 282 291 191 66 69 72 216 219 93 105
3 7 9 10 12 13 14 15 17 145 147 148 22 24 26 160 33 34 162 36 172 52 183 62 190 71 73 204 209 88 109 248
21 157 158 30 31 35 164 38 40 298 45 50 61 67 197 211 226 102 232 108 247
131 268 273 276 23 29 37 178 179 185 57 58 206 83 91 225 239 242 115 245 120
65 262 263 294 155 210 149 182 25 27 28
32 292 165 41 74 43 107 110 79 175 113 212 244 277 215
256 260 136 146 156 39 171 46 47 184 186 192 194 199 85 92 94 101 254 255
227 68 132 42 75 203 77 80 112 51 84 53 86 118 278 90 188
224 129 161 228 235 44 140 205 48 55 121 154
287 139 141 78 111 142 49 174 177 180 251 59 63 95
289 133 70 106 269 270 144 240 82 274 54 87 56 89 214 127
64 97 100 103 104 137 138 169 76 234 176 81 114 208 252 284 152 60
96 128 98 99 201 207 117 181 122 187 220 222
259 166 295 170 116 151 217 218 125
163 168 202 267 173 243 119 221 249 123 124 189 253
130 167 200 233 237 241 153 250 126 159
193 196 261 299 236 275 213
195 293 230 198 264 266 246 279 223
271 229 238 231
257 265
280 258 296 285
272 283
288 281 286 297
290

