0 3 7 9 10 11 139 13 269 15 284 35 69 82 87 216 98 100 235 241 245 246 119 121
1 257 4 21 23 158 41 172 45 175 55 183 68 72 79 208 221 93 97 101
129 2 6 8 17 147 155 29 30 173 46 180 181 185 64 65 71 199 78 103 234 109 117 122
32 131 195 5 133 228 263 12 80 243 53 22 152 123 191
128 130 134 138 14 16 153 25 33 37 44 174 57 59 193 202 211 224 251
159 70 39 201 74 76 111 207 177 18 19 83 86 88 90 127
161 194 226 135 42 237 112 272 274 20 116 182 24 27 60 255
259 58 165 38 262 296 265 47 273 188 247 281 26 28
164 196 294 107 205 110 49 115 52 85 277 250 157 94 31
160 288 34 43 77 141 150 215 89 95
36 197 40 137 106 75 268 143 144 81 240 84 148 54 213
96 99 132 108 206 48 179 151 91 92
200 140 236 142 50 118 278 190
66 67 260 229 73 51 212 125 214 189 285 187 61 62
280 267 176 56 220 253 63
192 290 227 102 232 105 114 248 124 126
225 163 198 104 136 170 233 178 276 249 154
292 271 283 113 145 210 146 244 279 219
230 266 120 222 286
168 203 204 209 149 184 217 218 223
162 258 171 239 252 186 156
166 167 169 242 254
293 261 231 297 282
256 238
264 298 270
291 275 299 287
289 295

