0 4 5 6 135 260 9 10 11 15 16 18 20 33 290 35 292 41 43 174 51 54 192 73 77 79 86 88 92 221 224 98 115 252 122 251 124
1 2 3 129 131 7 12 13 14 142 143 17 277 24 152 32 183 72 202 80 213 216 230 109 241 127
58 100 8 40 74 105 139 173 187 47 270 209 220 278 26 59 28
136 146 19 274 21 22 23 25 27 156 157 36 37 38 166 167 297 42 171 44 55 57 60 66 194 203 76 212 87 219 104 233
258 132 138 147 29 30 31 39 49 50 52 53 61 65 193 195 71 82 83 89 102 108 243 119 120 121
161 34 196 201 298 45 46 81 113 178 116 117 149 275 94 63
257 267 141 272 153 285 169 170 48 56 185 67 68 69 197 75 78 210 217 232 110 114 254 253 126
64 97 225 164 165 134 261 106 238 207 176 208 118 214 186 62
162 133 70 103 198 205 145 211 84 85 181 215 184 188 190 286
160 291 101 263 296 250 107 237 276 245 90 93 191
96 128 91 283 148 182 279 123
130 99 255 140 172 236 271 180 189 95 159
163 287 293 168 137 269 111 112 144 239 155 125 223
259 262 294 218 206 175 240 150 151 248 154 222 158
295 177 242 244 246 280 249
288 289 226 229 234 235 266 299 179 281
227 228 199 200 231 264 204 282 284
265 247
256 273
268

