0 4 261 265 266 13 14 24 25 36 167 171 178 183 63 209 84 86 220 225 100 103 251 243 249 123 125
128 1 256 257 263 11 140 15 17 18 22 33 292 40 51 205 85 88 117 252
2 131 143 144 27 156 30 34 297 49 58 187 204 217 90 219 226 104 120
3 255 5 291 8 77 78 283 20 54 151 281 218 155 29 95
258 133 6 136 9 137 145 279 38 295 170 174 175 50 56 61 192 65 198 200 206 210 224 102 107 114 246 253
7 135 10 12 16 146 19 148 21 23 26 28 162 165 46 203 87 215 91 98 230 242 245
68 37 134 39 42 139 76 172 110 48 113 147 119 280 186 60 157 31
32 35 132 72 168 43 75 45 47 272 93
64 199 231 41 173 241 115 116 53 284 55 57 92
193 227 260 44 240 177 82 213 150 118 159
129 232 233 109 52 121 154 190 62 286
160 164 69 228 296 73 74 111 239 83 181 247 122 59 158 127
264 274 152 153 166 66 67 70 71 81 214 89 221 222 99 101 106 234 237 112
96 97 130 288 287 289 290 201 202 108 238 79 275 212 244 276 191
194 163 105 169 141 142 207 80 176 208 211 182 278 185 126
248 138 149 216 124 285 94
161 294 267 269 188 189 254
262 235 268 179 180 277 184 250
195 196 229 299 236 271 273
282 298 197 223
259 293 270

