0 3 132 10 11 12 21 156 30 31 168 170 176 50 180 53 56 68 198 201 209 215 98 228 229 230 231 238 240 124
128 1 2 5 6 261 8 141 15 16 17 18 19 26 29 165 40 41 43 175 54 185 191 195 196 205 79 208 214 97 243 121
4 7 9 13 14 143 146 20 148 22 23 24 28 32 160 288 299 173 61 62 63 190 80 81 84 92 223 96 226 100 101 103 112 126
130 138 139 25 286 35 37 172 47 184 74 76 213 218 90 219 94 99 234 107 115 244
145 149 150 151 278 282 27 283 159 33 34 44 57 187 64 69 73 202 210 217 220 106 108 109 249 251 127
36 133 39 232 42 155 204 113 114 179 212 273 183 88 123
258 142 158 38 166 298 46 52 55 58 65 207 83 86 87 224 225 104 111 241 242
192 260 70 105 297 267 45 82 51 211 85 275 120 250 216 189 95
262 135 144 276 153 284 174 48 177 59 60 193 66 67 194 71 75 77 78 117 118 119
129 290 292 134 199 72 295 235 110 49 116 125 89 91 93
256 131 164 102 154 169 203 140 245 182 152 281 122 188
161 162 167 136 137 206 178 147 277 246 157
163 200 171 270 181 221 254 255
237 186 197
257 227 239 252 222
272 233 253 289
248 280 274 236
247
259 291 266 268 271 287
293 263 296 269 285
264 265 279
294

