0 3 6 137 10 267 12 13 268 269 17 18 19 22 280 25 154 34 163 38 167 51 59 66 70 71 76 218 250 125
1 2 4 5 7 8 11 14 15 147 26 282 284 285 161 297 172 46 175 189 65 203 211 97 230 103 111 122
258 9 143 152 281 27 33 36 168 182 60 64 198 72 75 81 82 89 232 110 124 126 127
142 16 21 278 279 30 32 35 40 298 43 176 49 184 62 192 204 80 91 98 227 101 105 234 112 248 251
129 133 136 146 20 23 24 151 28 31 160 39 170 45 47 48 53 54 206 86 88 93 241 118
261 274 29 162 37 41 42 44 183 56 57 58 185 67 68 73 79 84 214 87 215 90 96 116 246 121
153 102 134 140 187 219 50 52 85 119 55 120 148 123 158 63
197 108 77 237 177 178 115 149 150 254 61 94 95
128 194 69 229 233 74 78 238 144 113 273 179 180 181
225 132 135 104 169 202 107 141 270 114 83 159
256 130 131 196 294 231 201 138 109 210 92
290 99 259 139 213 217 186 283 191
100 165 262 295 265 106 173 174 205 145 117 247 155 188 157 223
195 292 166 200 264 171 156 221 190 286
288 193 260 164 272 276 245 220
293 199 235 207 242 243
224 289 208 240 216 252 222
291 228 266 209 253
226 275 212
236 271 239 244 277 249
287 255
257 263
296
299

