0 2 3 4 7 8 11 14 16 272 150 25 27 29 160 166 167 168 170 171 299 174 53 54 57 64 65 194 71 199 77 80 214 92 95 226 102 104 244 246 127
1 5 6 9 137 141 142 20 153 282 155 286 289 36 294 42 43 48 49 176 179 62 195 68 210 221 223 107 109 111 118
129 66 291 262 136 296 10 106 76 172 144 113 19 116 245 184 185 187
192 161 255 165 40 41 264 12 13 236 18 84 148 277 23 123 31
128 134 15 17 145 275 21 22 24 152 32 33 288 164 37 45 47 50 52 55 63 200 211 87 97 114 120
131 268 270 273 146 149 281 26 283 156 35 46 183 56 59 196 197 82 89 90 219 225 105 112 240 242 117 249 122 125
100 101 38 132 133 265 44 237 239 115 86 119 280 91 28 30
259 263 266 147 154 34 292 177 51 186 67 72 207 85 215 88 93 94 224 99 230 103 235 110
258 261 135 138 139 140 274 158 162 39 295 178 182 58 189 190 191 70 73 201 78 81 83 213 216 98
143 276 151 180 60 61 69 74 75 206 79 220 96 231 108 238 248 121 251
130 163 297 202 173 175 208 124 126 159
227 260 169 204 241 181 254 188 157 222
256 193 198 203 205 217
257 285 209 243 212 218 284 253
228 229 232 234 269 252
233 271 247 250 287
267
278
298 293 279
290

