0 129 2 6 8 9 11 19 153 30 162 35 42 44 47 50 57 188 64 194 212 213 244 252
1 3 4 5 134 7 262 10 12 14 23 27 295 169 43 48 185 63 192 68 198 75 83 224 103 113 114 120
13 15 17 276 149 150 277 152 293 166 39 294 41 51 183 56 60 195 196 72 74 82 214 88 89 216 223 118
130 36 69 38 71 230 298 76 79 16 275 20 52 22 215 121 94
259 132 268 272 18 278 24 282 29 290 37 165 49 182 55 199 219 92 222 96 102 233 108 123
136 137 141 21 25 154 155 26 28 32 288 34 45 58 59 66 73 202 81 211 84 228 101 246 255
160 33 99 40 203 46 176 148 181 54 280 91 126 31
128 258 131 265 267 143 158 163 174 53 80 85 220 227 106 110 112 245 249 127
98 100 70 167 201 170 107 171 297 144 210 61 180 117 93 62
263 138 145 273 274 151 279 156 157 299 65 67 197 77 78 86 87 97 225 229 104 111 115 122
256 161 186 200 218 205 146 147 119 221 253 90 189 286 95
191 193 291 164 232 105 242 116 250 124 125 159
292 133 168 204 109 236 175 283
135 234 139 172 140 142 271 184
266 235 173 238 207 209 217 254
177 187 284
226 261 296 269 178 179
240 264 251 190
257 206 289
208 287
260 231 243 247 248 281
237 239
241 270
285

