0 1 130 259 4 5 260 135 9 137 12 140 142 17 24 152 26 156 40 42 44 184 62 67 195 196 75 203 211 216 220 95 225 242 122
2 3 132 7 27 32 39 171 173 176 179 59 68 204 82 224 231 105 112 113 114
6 8 136 10 14 18 28 31 33 34 166 168 43 45 177 191 73 74 210 102 107 123
11 13 269 16 20 278 29 30 38 41 49 181 55 190 65 194 209 85 221 116 117 250 255
133 261 15 143 22 23 25 157 158 37 50 180 53 183 56 76 89 219 92 100 101 106 109 111 115 245 119 249 125
162 258 70 198 46 110 48 238 283 19 21 151 120 57 91 60
64 257 66 35 36 69 134 186 232 206 47 80 81 88 58 61 222 223
192 97 98 291 170 108 141 270 271 286 274 51 147 86 284 126 63
264 149 159 295 178 52 54 197 71 72 200 77 78 79 83 84 87 96 226 240 118
99 131 104 201 218 139 268 282 207 90 155 124 93
160 103 265 202 266 297 175 146 94 127
128 205 247 121 154
129 217 167 145 243 148 213 153 187
164 165 263 169 138 235 236 239 208
288 161 193 163 228 267 144 182 150 185 252 189
230 172 174 272 244 215 281 188
227 229 294 199 234 275 214 287
256 273 212 280 254
233 293 246 289
290 262 237 285 251 253
296 299 241 276 277 248
298 279
292

