0 1 2 3 135 263 14 22 280 153 25 155 30 31 39 45 180 182 64 208 87 218 222 104 240 242
4 6 7 265 10 138 13 141 290 164 38 174 177 188 68 226 229 101 102 234 241 118
224 33 5 9 106 12 236 15 16 239 19 212 217 28 221 62
161 35 215 259 287 8 200 11 43 108 139 112 146 117 277 151 26 255
128 34 74 107 175 144 17 18 83 20 56 58 92 29
276 21 150 23 24 281 282 27 293 48 57 190 203 79 211 86 94 99 232 111 249 126
132 142 147 32 289 41 297 63 65 195 71 206 80 85 216 98 228 109 121 122
129 130 223 36 70 40 72 136 143 115 243 54 59 220 191
163 69 37 103 133 134 42 137 44 173 199 47 266 270 82 186
257 264 148 152 157 159 166 168 46 49 50 53 184 192 67 76 78 213 89 237
273 283 284 160 295 51 52 181 55 183 60 61 193 66 197 73 210 96 97 225 100 235 114 244 120 251 125 254
288 261 201 75 267 77 207 81 245 91
131 262 278 154 158 165 170 171 299 176 198 204 205 84 214 88 93 105 119 250
258 260 167 116 248 90 187 253 127
256 227 196 230 294 202 110 219 238 113 247 123 124 95
194 292 169 172 140 272 209 275 149 246 185 189
162 268 269 145 178 179 274 156
233 252 231
291 296 271 279 286
285
298

