0 1 4 6 265 269 16 151 24 286 293 176 53 187 61 66 67 85 87 218 250 237 247 122 125 127
2 3 5 7 14 15 23 152 289 162 184 56 57 75 79 83 216 94 228 234 116 117
259 132 8 137 30 36 50 55 183 58 193 201 204 80 81 209 86 90 110 114 254
130 9 10 11 12 276 149 22 150 25 37 49 52 190 194 71 217 92 221 226 241 245 121
264 13 18 19 155 28 285 157 31 35 164 69 72 214 100 233 106 107 118
266 270 17 20 21 26 288 38 39 170 171 44 46 47 48 51 93 101 111 239 120
96 256 197 262 73 41 91 138 172 203 298 213 27 29 63
32 68 42 76 112 273 148 181 284 215 89 156 253 126
135 136 263 141 275 278 280 33 34 166 40 54 59 62 65 70 74 77 97 98 227 102 103 119
64 128 255 291 133 229 104 202 43 140 45 299 177 84 153 95
129 230 105 282 109 78 205 113 178 246 154 60
192 161 99 131 108 174 238 145 82 242 185 186 219
160 224 167 271 210 220 243 244 88 124
163 199 139 173 146 115 147 179 277 123
195 134 297 236 143 144 182 158 159
257 198 231 294 142 211
196 165 261 168 169 267 175 208 180 188 189
290 260 206 248 191
225 292 295 200 240 279 251 252 223
232 274 207
235 212 249 283 222
272 258
296 281 268 287

