0 1 2 3 131 257 6 10 12 17 18 149 283 37 171 53 214 92 111 117
225 4 8 9 72 11 15 81 113 83 119 151 186 251
160 162 259 5 229 7 200 263 202 295 141 208 145 178 274 180 90 219
280 100 196 43 13 78 175 176 211 278 55 152 220 159
128 264 14 16 272 21 23 155 285 30 33 35 165 46 189 61 66 74 80 93 101
89 193 130 262 296 59 170 75 205 237 241 114 19 52 148 25 27 253
137 20 22 153 284 287 32 38 39 40 44 172 181 58 187 62 192 67 68 197 76 79 209 85 94 104 115 245
195 164 133 261 41 73 107 204 110 47 82 213 87 24 120 254 286
135 139 26 29 31 288 34 45 49 51 56 60 70 203 86 227 108 244 247
98 99 167 233 42 106 273 50 184 57 28 222 126
65 194 36 71 154 201 268 109 142 48 243 122 63
64 161 248 291 292 103 112 54 182 88 215 123 156 190
96 69 136 105 265 140 77 173 116 212 246 281 95
97 289 293 198 168 298 267 207 271 84 279 125 158 255
231 297 179 218 91 124
290 102 235 236 240 177 146 147 276 150 121 188
129 132 232 169 138 143 118 183 185 157 127
258 228 166 134 266 242 252
144 249 282 256
224 226 163 199 221 191
294 206 174 239 277 250
260 238 270 210 216 223
217 234 230
299 275 269

