0 1 10 12 273 149 152 284 288 47 48 176 68 79 90 96 233 235 110 114 245 126
2 13 14 146 21 154 36 39 40 297 175 52 181 192 196 199 73 76 205 84 213 218 99 228 234 236
130 3 17 278 153 30 32 34 167 173 49 198 74 203 212 86 91 219 104 232 108 122 255
256 4 133 200 265 11 77 46 16 272 188 29 94
132 5 7 267 147 28 42 54 60 189 195 206 80 81 97 98 101 243 116 117
35 6 103 8 9 207 113 177 115 274 246 280 58 220
129 264 15 19 151 27 287 160 33 163 292 44 45 182 187 194 209 222 121 124 253
18 26 156 285 31 289 37 38 51 59 63 67 71 89 224 227 106 118 248 251 252
136 20 148 22 158 291 168 41 296 43 172 299 174 50 179 57 72 75 83 211 215 88 111 239 241 125 127
128 259 139 140 270 23 24 25 157 161 294 295 170 55 190 65 69 82 223 240 120
260 137 266 144 277 150 169 53 56 186 62 193 197 78 93 100 109 238 254
135 141 269 279 281 283 159 171 184 61 64 66 70 208 85 87 221 105 249
162 131 229 102 166 138 112 185 92 191
225 165 134 202 204 268 142 275 183 95
262 107 143 145 119 217 250 155 286
226 258 164 290 231 201 237 178 210 180 123
216 261 214
293 230
242 244
298 247
257
282 271 276 263

