0 3 4 6 134 11 140 141 143 16 18 19 147 21 24 25 284 53 184 194 82 226 111 242 251 124
1 2 5 138 14 144 23 26 167 168 43 47 180 58 62 190 65 196 74 206 207 210 114 118 248 121 125 126
257 262 7 139 20 149 151 28 287 36 292 299 44 176 50 66 85 218 228 102
8 136 272 17 275 22 150 30 31 289 165 39 40 297 42 172 45 49 182 55 186 61 64 197 70
97 35 67 132 135 9 10 41 106 204 205 15 237 146 213 27 29
129 259 267 12 13 142 148 34 291 38 51 54 56 57 187 202 93 224 229 230 231 239
256 131 269 145 154 285 32 33 37 293 171 174 175 59 188 195 81 88 112 241 117
260 273 157 160 163 170 173 46 52 69 72 76 209 84 212 219 101 107 238 249 127
130 133 137 158 161 169 48 63 73 201 79 89 220 94 99 103 116 119 120
98 71 199 75 108 115 86 60
225 68 232 266 235 78 177 83 123 156 159
192 104 109 77 110 271 279 179 252 245 87 185 92 255
96 296 80 178 155
100 122 198 281 105 233 250 295 298 208 246 183 152 153 90 91 254 95
128 162 290 166 236 113 211 244 181 214 278 216 217 189 223
200 164
193 227 294 265 270 274 286 191
261 234 203 268 243 280 221
240 247 215 253 222
258 263
288 264 276 277 282 283

