0 256 2 3 260 266 11 141 19 147 285 31 298 49 208 214 221 224 103 108 243 119 127
1 129 9 12 13 152 26 156 33 34 163 36 169 45 173 53 187 62 64 66 204 79 209 86 218 250
257 4 5 134 7 8 10 20 21 24 154 29 30 170 192 197 200 80 83 91 94 105 121 124
261 6 138 15 153 25 27 158 32 166 40 41 296 43 171 46 179 54 59 191 202 205 213 101 233 111 249 122 123
132 14 16 22 28 161 44 189 65 68 199 72 206 85 223 247 120 251 252
137 271 17 18 278 23 157 286 292 39 295 181 55 56 61 74 96 107 110 239 126
35 38 71 76 50 220 116 117 212 242 184 58 60 254
139 142 143 273 282 283 162 291 37 293 167 48 51 180 183 186 75 78 81 88 89 225 100 104 106
135 42 235 175 47 244 219 125
159 97 130 160 262 263 240 146 52 84 253 93 63
67 217 70 168 232 109 115 148 279 57 90 284
194 69 102 133 136 231 265 174 210 276 190
193 98 99 165 264 73 77 112 113 144 178 274 248 281 155 92 95
289 195 234 140 236 272 145 82 114 118 87 150 246 188 216
128 131 227 230 267 172 149 277 215 222 255
201 237 207 176 151
258 196 164 198 238 177 241 245 185
226 259 228 229 203 211 182
268 270
290 269
294 297 299 275 280 287
288

