0 258 3 6 11 12 15 145 277 151 26 282 30 43 45 73 223 97 102 127
1 4 261 9 106 265 172 14 48 81 19 85 218
2 260 5 8 267 141 17 31 292 37 294 40 47 49 63 75 78 90 91 228 104 240 244 247
160 259 36 165 7 136 41 74 168 263 299 16 20 180 58 28
128 10 13 273 152 25 290 171 173 46 53 56 82 86 227 114 245 248 123 252
130 132 134 18 149 23 156 35 39 52 61 62 196 69 202 212 217 93 237 121 250
66 99 38 70 107 177 51 115 21 24 89 122 283 29 286
65 98 67 137 42 169 76 79 179 116 22 27 60
133 144 146 281 32 33 34 288 291 44 50 54 55 59 205 215 220 230 103
289 185 249 135 231 170 269 243 148 117 189 87 88 57 126 253 157 94
64 129 226 166 295 266 108 268 209 118 182 120 153 221
68 184 187 125 95
131 71 175 241 210 181 246 186 284
192 224 100 101 197 72 200 232 206 238 208 272 183 155 285
96 162 163 199 264 109 77 111 142 216 124 158 159
139 140 80 112 275 84 276 251 188 255
161 257 164 235 174 143 113 83 278 154
105 138 203 204 110 270 150 119 92 287
225 194 293 198 167 234 239 176 271 147 279 254
256 193 262 201 178 211
229 233 207 213 214 280 219 190
195 297 274 242 222 191
236
296
298

