0 2 3 4 265 267 20 148 155 28 31 33 164 169 46 54 57 58 186 189 66 71 89 90 95 228
1 132 6 135 8 9 142 23 152 27 36 37 175 52 180 190 64 65 68 196 70 197 88 97 108 124
5 134 147 21 30 165 42 43 44 67 195 199 78 79 84 85 224 232 109 244 249 123 125
34 131 260 262 7 40 13 14 111 143 53 25 26 91
263 136 10 12 269 277 278 154 290 167 45 51 55 60 201 74 202 77 82 211 99 112 246
101 133 39 231 11 75 107 203 235 48 17 80 83 236 86 151 187 29
137 266 139 15 16 18 41 298 50 184 87 92 96 100 103 104 105 106 240 122 253
270 19 22 24 153 156 38 171 49 177 181 56 188 62 69 72 81 94 227
128 257 259 141 274 32 288 35 47 182 59 61 63 194 209 93 221 242 115 121 126
98 295 168 73 138 234 76 110 251 273 118 150 183 219 158
289 163 102 144 113 116 117 281 286
192 130 166 140 174 207 145 114 149 214 119 120 218
129 161 170 205 146 179 247 285 127
160 193 294 172 173 206 157 254
225 162 223 292 198 204 271 208 241 159
200 296 176 276 248 185 282 220 191
216 210 178 226
291 233 297 212 213 217
256 258 215
250 268 245 222
299 229 230
237 238 239 272 243 284
293 264 275 283 252 287
280 279 261 255

