0 1 2 131 5 6 7 8 9 10 148 278 25 26 30 288 33 174 203 77 209 92 98 240 114 120
3 14 15 142 274 20 21 22 23 277 32 165 39 54 197 200 206 83 89 217 101 116
4 138 271 16 150 155 35 40 47 48 51 56 58 59 62 69 80 212 86 95 228 102 104 113 245
133 11 12 13 139 17 18 19 152 29 31 42 44 45 185 76 79 215 90 91 94 127
143 149 24 28 162 37 38 41 170 43 180 60 202 211 96 225 99 236 255
36 167 247 75 107 205 237 268 284 151 248 57 27 279 63
34 285 73 169 171 157 119 121 154 252 61 223
64 97 192 258 164 290 71 106 46 49 81 275 52 246 55 156
66 163 134 103 72 137 74 201 235 173 78 299 50 178 179 85 118 87
65 161 67 68 194 70 262 297 238 82 115 53 88 124
193 260 266 140 84 183 251
129 291 135 267 108 111 144 208 273 117 283 93
100 230 136 269 276 184 186 220
128 132 166 263 296 105 187 175 242 216 122 123 188 189
257 130 195 295 264 141 109 145 146 147 280 250 219 125 126
289 198 231 168 110 270 112 213 214 286
160 153 210 282
253 158 159
226 172 239
224 256 292 261 204 176 177 181 182 281 218 190 191
196 229 207 249 254
227 294 199 265 298 243
233 272 241 221 222
232
259 293 234 244 287

