0 1 132 134 8 10 13 16 280 281 26 41 170 43 172 173 47 52 56 60 67 197 199 73 82 215 93 222 95 101 230 235 237 249
128 2 3 4 5 6 9 12 140 141 20 22 24 154 27 33 38 39 296 42 44 175 49 53 181 55 187 196 78 89 217 96 97 105 114
259 260 7 142 19 21 23 156 28 286 289 162 163 290 291 40 169 45 48 50 190 191 64 91 98 99 102 115 116 243 121
136 11 14 15 17 18 25 155 158 34 167 297 171 185 69 85 226 245 126
256 130 276 29 30 31 32 35 37 295 54 182 63 66 71 201 76 77 210 90 218 94 107 110 112 242 117 122 124
36 70 72 137 298 139 109 46 111 174 81 207 211 213 57 251 61
129 138 143 150 152 157 294 51 58 59 62 194 68 204 79 80 86 88 224 100 103 231 113 118 120
65 135 74 75 106 267 219 268 144 146 83 149 278 87 184 123 125
257 292 165 229 104 108 241 84 180 119 282 92
261 131 221 127
133 264 266 220 214 216 252 255
193 258 195 228 238 239 145 179 148 183 284 189 287
160 225 168 206 272 273 274 147 275 285 254
192 161 223 269 270 271 208 177 151 188 159
176 153 166
164 178 212 248 186 253
288 227 198 262 200 263 203 240 209
265 202 234 299 244 279
293 232 205 277 250
233 236 246 247 283

