0 64 35 132 6 200 107 187 60 283 209 155 28 191
1 260 12 17 145 23 151 281 287 56 185 193 67 68 202 76 95 225 100 102 105 247
2 9 10 11 15 16 146 149 152 34 52 63 70 207 213 87 91 229 106 118
128 97 257 3 217 7 40 139 14 47 79 240 19 116 243 215 25 190
4 5 198 8 204 13 45 18 20 21 54 124 127
96 129 226 227 58 90 196 262 73 42 269 49 22 183 26 254 31
66 162 163 103 135 44 142 273 150 24 89 282 222 94
32 290 195 165 140 172 206 239 81 114 210 55 120 186 27 125 30
261 279 29 33 37 167 295 41 175 57 74 208 88 216 219 223 99 101 112 244
259 36 38 233 43 235 46 48 277 246 61
98 230 39 168 201 270 111 178 53 278 220 286
130 131 134 231 72 294 110 50 148 180 181 252 59 156
288 104 51 85 253 126
280 164 69 203 236 78 82 248 189 62
160 65 264 75 77 237 241 115 84 249 123
71 138 113 177 147 117 121 154 284
166 267 238 80 144 83 212 93 255
224 197 173 242 274 245 86 92
133 263 137 108 176 276 119 221 158 159
291 292 296 205 109 251
299 141 179 211 275 184 153 122
256 258 136 268 143 214 157
161 194 232 170 182 218
192 199 169 171 174 250
228 293 297 234 298 188
272 265 266
285 271
289

