0 129 2 5 8 264 10 140 13 141 15 146 23 170 173 68 200 85 86 100 229 102
1 257 3 6 9 137 11 265 270 276 279 24 28 30 32 33 40 168 42 43 46 51 58 61 64 73 76 77 90 106 113 249
34 162 4 197 226 208 18 19 214 119 278 122 285 126 159
134 7 267 16 20 148 151 25 154 26 284 158 174 53 187 190 71 75 78 83 217 236 112 117 120 251 125
256 131 12 268 17 21 22 31 37 38 49 180 54 55 56 60 196 202 203 80 81 88 91 96 97 107 111 114
225 98 35 136 44 108 14 79 50 147 178 182 189 153 283 29 287
132 133 262 142 277 281 27 289 36 63 192 67 201 74 207 209 89 219 224 104 124
130 258 149 161 165 39 167 41 171 52 185 65 194 195 70 82 211 84 95 228 231 109 110 255
135 160 297 45 47 48 175 57 188 62 66 69 198 72 206 87 92 94 101 123
248 166 103 240 115 116 246 183 152 282 59 93 191
99 164 169 235 275 280 186 220
128 232 105 138 139 205 143 144 118 150 121 221 127
193 261 269 176 145 247 252 157 254
288 163 293 199 238 241 181 213 155 156 223
294 172 242 243 218
259 230 177 179 212 184 250 222
227 260 296 204 273 274
210 253 271
292 263 233 237 239 244 215 216
272 234 266 245
286
299 290 291
298 295

