0 1 2 3 4 5 6 129 8 9 12 22 24 26 32 290 164 292 41 49 205 81 216 92 101 104 240 115
128 256 7 265 11 18 159 31 40 42 43 53 194 75 96 97 232 117 120
134 10 141 273 149 23 283 288 37 48 59 188 60 193 195 71 77 78 86 93 106 110 246
13 14 21 27 156 30 33 171 175 61 65 66 67 196 199 74 83 89 229 102 109 241 118 253
130 294 158 91 123 15 113 52 54 254 56 121 218 88 62
131 262 140 16 19 20 34 36 44 172 179 182 185 189 192 98 226 108 112 248 126
133 144 17 151 279 25 35 297 47 177 51 57 58 190 68 87 100 103 111 122
260 136 270 146 276 28 29 287 165 38 55 187 198 73 80 208 209 213 99 239 114 243
69 39 137 170 298 45 79 50 82 116 147 244 119 90 127 222 95 63
257 258 132 70 135 76 46 210 84 150 157 154 247 124 125
64 162 72 105 233 107 264 299 211 148 85 215 186 155 94
161 259 231 200 138 268 269 174 180 183 153
139 181 142
160 280 163 169 204 236 237 143 145 245 152 219 221 223
228 166 168 201 271 272 178
293 263 167 242 212 277 220
291 261 230 202 173 275 184 284 286
224 295 296 235 207 176 249
225 197 234 203 206 238 217 252 191
214 278
227 285
266 282 250 251
281 255
267
289 274

