0 1 2 128 10 138 15 17 19 24 33 162 36 53 55 63 72 202 86 218 93 95 226 101 230 105 125
130 3 4 5 6 7 8 9 132 11 12 13 16 20 22 23 32 35 37 38 44 45 177 51 56 190 68 69 77 210 85 217 102 112
257 268 14 18 21 27 29 30 31 285 290 165 297 298 171 50 52 57 65 66 79 80 219 97 100 103 231 232 234 251 115 116 123
292 229 71 40 186 42 263 295 237 239 181 214 119 25 26 59 28 159
34 164 134 39 106 75 76 173 203 111 143 84 248 91 157
129 131 133 139 150 156 160 41 43 172 46 47 49 178 61 193 67 207 212 220 107 235 120 253 254
260 136 151 281 154 287 163 291 169 48 180 54 62 192 200 74 82 92 94 222 242 117 121 250 126
96 70 110 83 252 215 88 89 58 60
64 98 99 135 73 78 144 81 114 145 147 245 185 90 283 158 127
161 167 104 108 141 179 148 118 87 124
288 289 293 140 109 213 153
168 267 204 113 184
262 199 146 243 246 122 221
296 137 266 152 216
259 265 236 269 174 142 175 149 183 155 279 191
228 166 170 208 274 278 189
176 209 261 197
256 194 240 275 182 187 223
225 264 206 272 241 247 282 188
224 258 195 284 286
227 196 205 273 249
198 270 238 211 276 277
201 294
233 299 271 244 280 255

