0 1 3 133 10 149 26 160 288 43 45 174 60 192 66 70 72 82 102 122
2 5 9 268 142 19 153 34 42 44 181 54 182 58 62 195 196 197 202 75 89 238 121
256 4 15 17 18 21 27 157 29 32 38 167 47 52 57 188 63 69 80 90 91 219 103 249
130 6 7 8 11 12 13 16 23 25 31 36 297 173 48 50 201 76 94 97 236 109 111 120 127
128 263 140 14 144 20 151 24 283 158 33 35 165 295 41 46 177 51 189 64 226 104 118 123 254
98 261 134 40 169 271 114 83 147 53 22 148 244 59 156 30
260 136 266 154 28 284 163 37 39 175 49 56 184 194 79 208 86 92 99 119 125
96 162 67 132 228 264 138 139 78 113 117 55 88 281 126 223
291 68 166 71 231 73 107 108 141 204 205 299 241 84 277 87 253 61
65 129 258 101 198 77 110 143 112 81 178 242 272 85 220 93
164 74 106 203 176 273 210 212 124 95
100 105 137 115 116 179 215 279
131 200 211 213 186 187 191
287 135 199 232 267 145 209 150 152 221 159
193 225 289 171 146 245 214 285
161 290 227 170 237 207 180 246 278 155
168 235 229 270
292 172 206 274 248
230 265 250 298 275 183 216 185 218
224 276 247 217 282 190 255
259 293 240 280 252 222
294 233 269 257
234 239 243 251 286
296 262

