0 1 2 128 129 5 6 10 11 13 17 20 21 23 31 37 38 293 40 50 51 55 186 65 198 79 85 89 97 100 105 118
3 4 7 9 139 12 14 270 16 18 19 25 28 163 36 291 39 169 47 48 49 192 68 70 82 84 115 245
134 8 15 152 26 284 29 33 52 189 193 71 80 83 90 102 237 110 246
266 269 144 272 22 24 154 155 27 157 30 32 34 162 42 53 185 67 72 74 91 95 106 111 119 250
161 130 35 132 104 41 267 44 114 86 61 158 63
260 133 136 141 142 281 292 168 43 45 46 181 56 87 98 108 116 125 127
135 288 166 172 173 174 180 54 62 64 194 69 200 75 78 214 88 218 219 96 121 126 255
131 273 146 275 150 151 171 183 57 58 60 190 201 216 93 99 228 239 112 122 252
258 137 147 276 278 159 295 297 187 59 66 73 76 206 81 210 212 215 92 94 109 238 123
257 77 207 248 283 124 285
138 143 145 279 156 286 160 290 165 177 178 195 196 209 223 101 107 235 113 251 254
103 231 264 234 204 205 236 208 274 244 117 149 120 221
225 227 259 167 199 140 175 179 182 247 282 220 222
224 226 164 217 232 202 271 176 148 213 153 188 287
289 265 170 203 298 184
229 197 263 294 233 240 211 253 191
256 261 230 268 280 249
241 242 243
296 262
277
299

