0 5 7 138 14 277 156 157 29 32 163 36 167 43 180 57 76 221 223 103 108 237 112 240 254 255
1 3 6 136 9 139 13 141 21 288 162 169 173 47 178 51 53 181 58 188 190 191 64 195 196 199 81 100 230 233 247 122 252
2 4 8 265 18 28 31 44 50 52 54 56 65 216 91 226 109 110 115 124
193 35 281 10 11 12 204 206 299 145 146 19 20 116 182 25 186 63
270 15 144 149 22 152 30 159 34 38 166 42 45 92 95 96 225 236 123
261 134 266 16 17 274 147 275 23 24 39 41 172 174 175 69 71 208 211 215 88 89 105 241 121 125
129 268 278 151 26 27 37 46 177 67 70 77 78 210 93 222 227 106 107 251
33 291 132 165 102 295 40 170 75 298 143 80 209 84 244
130 194 287 142 48 113 82 243 148 214 183 246 60 189 127
160 192 224 256 290 232 201 74 234 269 111 49 114 184
68 164 72 137 296 79 85 55 120 153 59 284 61
285 168 171 179 185 62 66 203 205 213 87 90 94 101 231 238 117 248 126
128 289 99 131 293 73 202 235 140 239 83 119 118 86 249 155 158 286
97 98 161 133 197 135 104 198 176 150 280 154 187
200 264 258 260
276 229 262 207
212 253
217 218 219 297
228 272 242 245 220
273 250 282 263
257 259 292 267 279
283 294 271

