0 128 7 267 17 146 20 150 23 26 31 35 172 173 74 76 205 86 220 110 116 120 125
1 6 12 140 15 16 273 151 155 283 34 299 44 46 50 183 61 63 64 201 217 91 219 93 98 231 106 235 236 255
2 3 144 145 272 24 25 156 39 296 59 70 199 78 208 81 213 95 234 247 250
130 4 8 137 11 30 32 288 163 168 41 42 297 179 55 58 62 193 195 69 82 89 92 221 97
131 5 142 19 147 21 22 29 287 289 53 54 206 84 224 105 119 122 253
9 10 13 14 18 280 159 177 52 185 66 194 196 200 83 212 90 223 117 249 126
266 274 149 27 160 290 36 37 298 174 48 187 77 207 215 88 99 239 246 254
165 103 40 136 170 75 45 190 269 188 51 85 57 28 222 158
256 33 133 197 72 141 111 80 143 241 242 276 277 182 216 121 282 284
129 162 259 291 38 73 265 270 175 49 114 243 87 94
226 132 102 71 262 138 43 108 79 112 115 123 124
65 161 258 100 166 186 203 109 47 210 152 154 60 189 184 286
192 67 68 164 167 264 202 107 113 178 181 278 56 251 157 191
96 101 198 230 104 139
225 134 294 169 233 171 275 180 118 281 127
257 227 292 261 135 204 176 211 148 244 279 248 153
229 293 232 238 209 245 214 252
218 228 285 271
237
240 260
268 263
295

