0 4 133 6 137 265 269 14 271 273 20 22 156 287 290 35 53 183 57 74 75 206 97 232 237 119
1 67 260 293 8 264 10 11 42 107 15 111 180 213 55 92 125
2 3 259 5 7 136 9 263 267 13 144 18 157 33 40 43 173 192 69 78 230 252
12 148 24 31 167 41 170 48 178 51 61 64 197 200 77 82 83 210 218 93 233 234 241 122
16 19 275 21 30 159 286 34 177 186 189 63 205 86 96 98 99 100 228 108 109 242 250
258 266 270 17 274 23 281 26 288 169 46 59 76 212 101 110 239 117 120
129 257 132 138 143 146 25 27 158 162 45 176 52 56 60 80 88 103 235 247
128 134 28 284 163 36 164 38 291 44 47 181 185 193 196 85 215 91 225 227 105 113
32 289 66 165 166 199 268 272 49 50 115 243 277 182 283 219 29 190
37 231 104 139 204 142 207 238 116 54 118 217 58 123 188
65 229 249 39 72 201 262 145 114 149 151 121 282 124 127
131 278 152 154 161 297 179 187 62 70 71 198 73 203 79 81 87 90 221 106 254 126
248 194 68 168 202 141 174 209 147 84 184 89 155 220 94 95
160 130 102 171 140 112 211 244 245 246 216 253
195 261 135 172 175 150 279 153 285 191
226 294 295 296 208 280 222 223
214
224 292
240 236 276
256 298 251 255
299

