0 2 37 38 41 10 11 13 14 46 182 120 58 61 255
256 1 3 4 7 9 139 21 23 280 26 283 39 170 49 52 181 55 185 68 95 105 107 242
5 6 134 140 144 19 147 149 279 155 27 34 167 295 178 72 224 99 239 124
262 8 12 16 17 33 40 45 47 192 196 69 85 91 231 106 117 246 122 126
130 260 268 141 15 18 25 30 159 36 166 168 43 172 54 70 80 90 100 101 103 104 240 244 125
71 201 77 143 81 82 274 20 22 186 220 93 223
129 264 24 28 31 288 291 174 50 53 189 64 86 217 89 218 98 113 119 254
128 65 97 226 292 137 42 75 76 233 111 211 213 56 60 29 222
32 96 132 265 204 51 115 275 214 92 286 63
35 164 133 263 200 73 74 234 44 109 298 48 241 179 87 57 59 94
66 162 197 235 108 78 79 271 83 84 88 154 158 62
257 67 135 136 110 251 148 276 118 183 250 247
131 163 102 199 299 173 112 176 114 209 281 253 127
228 293 169 171 243 116 221
227 297 138 121 123
290 269 142 146 180 184
296 236 270 207 145 177 277 278 151 187 190
194 266 272 150 157 191
193 289 287 165 229 230 203 205 237 152 153 219 216
160 161 225 195 259 202 267 175 208 156 212 284 188
273 258 285 198
232 248 206
210 245 215 249 282 252
238
261 294

