0 2 5 8 147 23 30 293 166 47 49 177 179 54 199 106 239 242 252
1 129 3 4 136 12 143 281 156 165 296 178 195 68 196 75 85 87 98 99 233 115 248 253
185 6 39 105 10 11 42 13 139 272 273 55 121
7 9 138 267 14 274 153 25 286 161 36 181 187 65 193 82 215 93 241 243 117 118 247
192 256 35 261 38 72 232 266 270 15 16 144 20 22 216 58 62
224 162 43 204 173 17 18 51 52 21 278 24
128 257 258 163 229 135 295 169 299 251 19 244 53 149 120 27
96 34 100 264 141 124 113 83 211 88 89 26 219 92
67 74 140 31 127 220 56 28 157 184 63
268 142 146 277 151 152 29 33 290 37 41 175 59 60 66 78 209 213 223 226 104 111 245 119
32 134 71 40 73 200 48 208 50 275 84 91
225 103 44 46 79 80 86 214 217
132 133 263 170 172 45 182 57 69 70 81 90 94 227 101 102 234 112 240
64 97 160 191 107 237 110 174 123 61 254 159
288 230 168 108 76 271 210 180 212 276 249 218 188 95
228 292 171 77 283 279 154 155
198 167 137 297 236 109 206 145 114 116 284 221 190 189 126 287
130 294 231 250 235 282 122 285 158 255
194 131 259 260 262 298 203 269 238 207 176 148 183 125 222
289 164 197 201 202 150 186
265 291 205
246
280

