0 2 5 8 267 142 23 30 288 161 38 40 203 207 88 100 107 238 240 118 123
256 1 3 6 263 9 11 12 14 17 22 152 25 29 163 37 44 173 54 59 70 81 99 102 117 121
98 226 4 167 104 200 10 108 204 268 15 79 51 148 26 27 61
128 132 7 269 143 18 20 276 156 157 159 35 46 176 49 181 69 71 201 85 89 218 224 97 232 243 246
130 133 13 273 277 278 24 282 289 162 53 58 189 193 73 74 212 87 217 247 251
32 192 194 67 101 230 231 72 235 92 16 252 21 119 186 60 31
33 195 36 68 199 106 141 47 112 124 50 19 52 84 145 177 185 28
191 34 225 196 197 227 280 41 138 77 78 206 210 56 285 188 221 63
290 259 260 39 43 171 48 178 245 150 183
64 257 131 135 105 42 147 182 184
134 155 284 158 160 292 294 170 172 45 55 187 62 75 76 82 213 216 223 250 109 110 114 120 122 125
164 249 103 265 202 299 140 237 116 149 180 151 57 90 91 279 93 287
129 264 153 168 169 174 65 66 86 214 215 219 95 96 233 234 236 241 242 248
255 228 291 136 137 80 113 144 83 115 154 126 127
165 166 198 111 239 271 146 220 94
293 139 205 272 209 274 244 253 190
261 262 297 266 298 175 208 179 275
211 229 222 254
258 283
270 286
281
295
296

