0 1 2 3 129 10 138 12 139 268 15 25 28 286 33 38 49 187 191 66 70 73 74 76 78 80 81 83 86 89 90 235 112 116 119 250 123
4 5 6 265 11 269 142 270 144 21 151 30 289 299 44 48 180 53 183 195 204 77 206 85 87 111 114
36 164 7 8 9 263 203 141 14 239 20 214 284 93
128 135 13 16 17 23 24 281 26 27 154 29 158 31 32 34 35 290 37 45 173 51 188 63 64 75 211 216 91 224 98 101 232 233 120
260 137 18 19 22 153 282 159 42 47 55 62 193 67 68 84 92 95 96 99 103 236 237
160 97 288 131 134 39 72 41 231 108 79 50 243 148 54 182 59
65 69 102 71 40 166 172 46 273 82 88 121 94
259 277 162 165 43 175 52 56 57 58 60 61 197 226 100 230 106 115 244 246 249
256 132 133 104 105 140 143 150 220 254
163 229 294 266 107 178 186 156 222 255
194 292 109 176 113 147 118 122 252 126 223
161 130 264 201 171 110 117 181 184 217 157 190
167 295 209 213 149 247 124
257 196 198 234 174 271 146 125
262 200 169 297 207 179 212 280 127
228 136 202 170 272 242 152 251 285
225 199 238 145 274 276 215 248 185 219
258 261 296 240 210 275 245 218 155 189
192 168 205 208 253
293 177 267 221
283 291 227
241 298 279
278 287

