0 2 3 5 266 11 12 146 21 27 28 162 38 166 53 54 89 217 97 231 115 118 124
1 4 261 10 13 16 18 19 23 155 167 181 190 65 79 84 214 87 106 123 125
133 6 7 8 274 20 277 30 296 298 45 176 50 51 56 185 203 78 210 85 86 218 222 96 99 104 234 109 121
160 35 37 101 229 40 9 15 80 17 111 147 239 22 122 59 127
139 14 273 24 26 29 158 291 36 41 42 48 55 58 187 69 200 75 77 206 88 93 230
131 145 151 153 25 289 34 43 44 172 46 189 191 64 68 197 76 223 224
267 140 269 142 149 31 32 294 39 297 47 73 204 208 95 107 108 236 126
128 33 293 205 81 113 220 285 92 61 62
288 225 70 71 135 74 171 110 49 82 182 57 253
66 67 132 164 102 235 268 238 52 117 119 91 188 254
130 228 134 72 105 250 175 207 209 240 213 150 152 90 60 94 63
98 227 199 299 237 143 241 83 179 244 279 159
259 100 103 232 242 243 116 215 281
192 129 161 193 264 137 202 271 112 114
198 262 201 138 233 141 178 211 148 212 183 120 249 247 287
165 136 169 265 174 245 186 157
257 196 263 168 270 144 177 282 219
280 226 195 260 252 246 216 154 156 286
163 180 276 184 251 221
194 258 170 173 272 284
248 275 292 255
256 290 278 295
283

