0 256 2 3 12 18 19 20 22 154 156 29 30 34 45 55 56 185 189 62 192 194 203 207 83 100 235 237 116 118
1 258 135 8 138 15 275 277 158 288 164 166 63 65 202 208 90 108 110 124
259 4 7 9 147 149 150 25 26 32 35 37 168 43 190 67 72 91 221 99 103 243 250 123 125
290 5 6 39 69 105 10 139 13 14 47 173 52 223
257 11 16 272 21 23 153 160 170 46 187 59 68 70 71 199 79 85 102 234 126
162 132 228 261 136 41 106 75 44 17 113 148 53 254
96 33 101 73 172 111 239 271 50 274 24 121 251 28 93 253 191
128 131 146 152 27 284 31 38 295 296 180 54 184 77 78 205 82 86 216 217 219 114 117 119 120
161 289 163 36 134 40 140 142 175 270 115 87 94 159
130 292 133 42 171 48 112 144 145 245 122 155 220 61
141 151 291 169 297 174 49 51 181 182 58 60 200 80 209 210 97 225 227 104 107 247
64 89 66 98 195 197 74 76 109 143 188 84 244 183 57 92 222 286
129 196 165 167 265 266 268 81 177 178 212 241 186
193 231 137 179 88 249 282 157 95 127
176 211 198
201 238 206 215
226 260 298 204 240 213 248 252
281 283 214
224 229 232 267 236 269 273 218
262 230 264 242 279 280 285 255
293 263 233 276 278
246
299 294 287

