0 129 2 6 8 10 18 19 20 277 25 283 47 48 185 83 114 120 251 125
1 35 4 261 293 72 232 235 76 46 241 22 118 158 126 31
192 3 36 135 74 139 12 239 80 271 244 85 121 90 157
258 5 267 269 142 23 26 290 164 44 174 176 50 187 68 200 75 205 208 88 222 99 229 247
7 9 268 13 14 17 275 278 28 33 289 163 39 178 181 199 73 79 212 93 223 97 233 108 246
224 65 37 262 59 42 11 105 172 16 179 148 53 27 220 94 127
165 166 137 234 107 77 270 15 111 113 82 115 86 150 56 58 252
134 136 274 21 24 282 155 284 41 171 55 188 62 64 217 91 221 96 98 228 238
133 264 149 29 159 161 43 51 52 183 57 61 70 71 206 215 101 104 236 112
128 34 67 297 138 45 49 273 84 184 182 151 152 153 219 60 30 63
32 131 259 198 40 296 106 140 109 78 180 245 276 123
160 66 162 132 69 38 230 263 292 203 144 146 117 87 89 95
288 193 130 195 287 167 201 145 147 54 119 214 255
194 100 295 202 266 141 110 143 173 81 242 211 216 92
256 226 291 102 103 294 204 175 177 209 249 154 124 189 190
227 260 169 218 250 116 213 122 156
168 210 186 237
225 257 196 197 231 265 170 240 279 286 191
248 280 299 207
243 253
281 254
272 298
285

