0 1 2 258 259 5 266 11 140 267 20 281 31 36 40 168 173 47 53 78 209 223 104 238 119 123 125
153 3 6 231 136 41 10 12 110 114 19 180 181 118 25 220 30
4 7 9 142 272 18 21 149 278 24 157 288 37 43 171 46 177 64 68 199 206 85 214 87 88 93 96 102 103 105
192 67 71 8 137 154 186 250 299 14 112 22 151 121 26 127
135 13 16 17 150 282 27 28 286 32 160 185 65 193 70 201 218 232 239 243
128 33 162 196 75 44 15 111 49 175 83 116 178 241 184 62 95
224 134 39 295 73 139 268 207 23 188 191
69 249 187 176 147 120 57 58 59 29 287
262 270 275 156 34 35 38 167 296 51 54 55 183 61 72 202 211 216 219 101 107 113 246 252 255
98 198 233 42 297 172 45 204 208 52 56 90 190
263 269 274 292 166 169 174 48 179 189 195 74 80 81 82 92 99 228 106 108 248 126
161 66 138 170 79 50 146 86 247 60 94 63
290 133 197 265 76 109 77 273 242 276 213 155 158
97 129 130 131 165 225 260 141 237 240 145 115 84 279
100 294 236 143 148 117 245 152 89 122 91 124
256 194 163 164 132 200 203 205 212 182 221 159
144 227 244
226 264 210 215 251 284
289 291 298 235 280 217
234 229 222 271
257 285 261 230
283 253
293 277 254

