0 7 136 9 10 265 266 19 25 281 44 45 46 49 51 75 205 88 218 91 95 234 250 109 121 122 254
1 4 8 144 149 279 29 30 159 162 35 291 42 53 55 79 210 93 97 225 230 113 127
2 3 262 11 12 140 16 148 21 27 156 287 33 34 296 47 65 68 72 73 206 211 96 114 115 246
5 6 14 22 153 26 283 28 32 40 299 175 190 62 67 204 217 238 112 244 126
258 132 13 17 37 165 48 177 52 194 74 208 84 214 216 220 100 104 233
15 18 20 276 23 24 31 163 169 298 50 185 57 58 59 66 203 77 226 103 245
192 161 36 69 101 39 135 41 138 198 155 235 179 243 85 123
64 98 133 38 102 43 76 107 267 240 182 90 187 60 125
160 70 71 231 141 241 273 54 61 222 63
256 227 197 232 201 172 78 111 81 82 83 86 87 56 89 285
134 143 272 145 288 181 189 196 80 213 215 94 223 224 105 108 110 118 124
128 99 170 209 146 119 154 92 221
167 106 139 268 142 116 277 280 284
129 171 236 270 178 274 117 286
166 295 202 174 275 120 282 157
130 164 292 200 207 147 151 252
131 137 269 180 150 248 186 188
261 168 237 183 152 219
290 195 228 260 212 253 158 191
193 289 199 173 176 247 184
257 229 239 242 251
297 271 278 249 255
259 293 263
264
294

