0 129 256 263 10 12 14 16 145 146 23 287 45 49 177 52 53 54 181 183 192 198 199 213 91 221 95 223 233 239 117
1 2 7 8 15 144 18 22 153 33 40 42 172 80 214 222 225 106 234 235 114 244 123
3 4 6 136 9 25 30 31 159 35 291 39 295 169 173 51 66 201 79 90 92 93 97 103 104 108 253
128 257 5 262 11 13 26 28 32 34 47 57 58 203 205 207 85 87 88 228 230 236 118 127
67 101 134 231 41 17 178 19 20 21 210 24 217 188
258 132 260 138 141 147 150 154 27 29 285 38 44 48 56 65 71 200 82 96 243 248
135 267 149 281 36 37 293 299 46 180 61 63 64 70 74 76 226 99 102 232 105 238 120 122
266 269 275 156 158 289 162 298 43 50 55 186 72 75 216 219 241 252 126
268 270 143 271 148 152 283 59 60 62 68 69 206 86 220 100 229 237 110 111 121 124 125 254
224 98 130 167 73 107 139 77 174 272 81 113 83 84 89 187 94 255
193 195 264 137 140 78 175 112 208 251 115 116 182 151 249 215 247
163 197 261 109 209 273 276 278 280 218 155
297 142 240 246 119 250 279
131 133 171 204 245 189
194 259 164 202 176 211 157
160 288 290 165 296 179 184 185 282 190 191
161 227 196 166 168 170 242 212 284
265
274 292 277 286
294

