0 257 4 260 8 137 144 19 279 283 31 33 292 40 297 57 187 70 210 83 214 230 231 253
1 225 5 101 7 39 102 266 53 213 248 26 27 30
280 2 3 35 290 6 9 10 108 45 78 17 274 119 184 282 159
129 66 67 197 42 11 12 106 139 49 50 156 242 218 124
36 200 13 14 15 46 205 22 55 86 150
130 16 23 24 155 164 186 58 60 65 69 71 204 79 88 95 99 227 109 239 118 126
193 132 37 104 41 169 47 48 18 21 246 152 121 59 220 61 254 63
229 198 136 298 140 173 175 241 179 20 56 153 154 219
34 68 100 38 296 73 234 44 112 84 252 87 25 28 29 62
32 160 256 291 262 72 43 110 271 82 178 52 85 89 93 94
96 195 134 201 237 143 273 51 243 117 276 151 189 158
128 192 162 258 166 265 240 115 116 147 54 183 212 245 157 286
64 259 228 133 135 168 75 251 113 148 180 215 123 92 255
167 199 105 74 267 172 77 206 236 272 81 114 181 247 281 91 284
288 191 103 202 107 76 250 111 80 145 177 120 249 90 221 127
97 194 232 171 299 142 207 176 146 182 185 190
98 196 294 263 295 170 203 174 270 208 211 122
131 141 275 149 277 125 223
224 289 226 165 138 216 188 287
161 163 233 244 217
264 235 238 209 285 222
269 293 261 278
268

