0 8 12 14 273 22 30 33 42 173 174 183 184 66 215 88 109 121 125
1 97 131 217 37 69 7 134 228 74 76 79 48 147 247 24 185 282
128 2 4 15 144 18 146 275 21 281 155 292 178 188 63 75 206 112 255
3 259 5 20 149 150 276 283 156 32 289 39 41 43 54 197 200 77 205 93 222
133 6 10 140 13 19 25 29 31 160 34 38 171 46 199 80 83 212 227 230 116 249
98 195 36 164 70 167 9 73 234 207 16 272 114 51 117 151 56 154
11 17 278 23 28 291 165 176 177 53 55 71 204 85 96 226 100 229 107 118 124
137 139 26 27 35 44 45 47 179 57 58 60 72 209 90 220 99 113 126 127
65 198 40 105 202 123 264 268 244 86 59 94 286
290 163 166 294 168 295 138 108 49 52 187 159
130 135 136 237 78 208 50 82 84 148 284 92 189 191
129 280 196 260 104 265 106 267 236 240 115 213 119 152 252 61 62 223
132 263 141 142 143 271 157 161 181 182 64 192 67 211 214 87 216 91 221 102 248 122
225 68 262 103 266 298 110 251
288 153 287 101 231 233 297 299 81 210 120 89 218 158 95
194 293 296 172 175 111 145 219 253
256 162 170 203 235 238 245 246 186 190
169 258 274 241
193 180 239
201 250
224 261 232 269 243
242 254 270
257 277
285 279

