0 1 256 133 262 9 15 145 19 20 30 33 34 35 173 178 65 212 87 95 100 234 111 250 123
257 2 131 260 5 7 13 142 271 17 276 22 23 284 286 292 37 46 192 71 203 92 220 97 109 120 122
258 3 259 6 8 10 139 12 18 146 279 24 162 163 167 44 177 180 53 184 187 201 75 93 101 102 107 119 126
129 4 11 14 16 148 285 36 297 52 185 59 199 208 82 83 94 231 104 105 110 254
96 66 67 38 190 78 47 176 113 238 283 21 55 25 251 60 29 62
132 266 140 274 149 26 155 27 28 31 32 294 41 45 56 64 193 68 79 210 86 216 253 125
160 121 194 255 39 73 76 108 49 209 243 275 117 245 57 282 61 191
69 166 40 169 42 43 106 232 236 147 85 127
135 267 151 152 165 299 175 48 50 181 54 58 196 197 72 77 88 91 99 112 114
98 103 265 74 138 270 207 80 188 51 246 183 89 215 124 222
224 226 195 227 261 263 137 218 115 84 244 90 63
134 70 168 233 170 295 205 144 81 211 116 118 154 219 157
128 288 130 143 240 179 150 153 159
198 136 202 171 268 237 174 239 272 242 213 182 248 186
161 291 228 229 296 141 252 278 281 156
225 200 298 172 273 158
280 164 235 204 206 214 221 249 189 287
293 230 264 241 247 217 223
269
289 277
290

