0 129 6 135 9 12 15 22 26 296 44 181 54 183 72 204 206 220 232 105 127
1 165 262 158 233 11 107 237 16 52 213 57 91 190 29 126 31
225 2 3 153 260 136 10 235 266 13 282 175 17 115 24 121 58 187
192 4 5 70 7 8 102 74 132 199 201 293 145 278 88 90 254
65 290 35 134 108 141 14 143 271 49 86 87 118 30
32 289 34 67 99 69 194 106 207 48 241 18 19 23 56 27 63
33 36 292 231 170 140 268 142 51 20 25 59 191
288 162 258 37 103 264 41 109 144 176 50 211 21 217 218 62
128 152 28 159 38 39 40 42 43 47 61 210 95 96 111 117 245 249 122
98 131 163 104 137 234 76 77 45 79 110 238 114 269 60 223
133 138 154 287 294 46 180 55 184 196 198 200 81 215 219 101 243 116 125
257 259 139 146 160 167 178 53 186 66 197 71 75 205 93 94 227 113 244 120 123 252
64 228 261 166 80 208 179 84 149 150 119
130 100 68 230 168 83 85 284 124 157 286
97 73 297 171 78 112 82 147 242 246 247 89 92 189
256 161 195 298 236 148 277 182 248 283
226 295 172 209 214 151 222 255
193 291 299 173 174 251 279 216 281 155 253
229 270 177 276 185 250 156
164 169 202 203 265 272 212 188 221
224 240 274 275
285 239
280 273 267 263

