0 1 2 128 6 137 143 276 154 34 36 292 40 168 43 44 176 59 192 193 202 79 85 99 109 115 118
3 4 5 260 7 136 138 13 17 26 27 38 169 172 45 51 179 58 65 68 76 94 224
66 67 130 37 8 233 12 140 110 177 50 21 277 60 30
262 135 264 9 139 141 16 150 31 160 39 42 171 47 49 52 189 198 74 90 221 98 105 106 235 245 120 127
132 10 11 14 15 273 19 147 22 23 151 35 163 178 55 185 61 62 191 70 73 206 236 239 116 246 121
162 100 102 281 297 75 46 142 156 18 117 25 285 28 253 190
161 257 69 263 107 268 174 20 56 88 126
96 256 226 195 291 166 167 104 199 108 216 111 240 113 274 24 124 95
265 29 286 32 293 170 180 57 186 64 204 84 214 91 92 101 231 232 119 123
266 33 296 41 48 53 181 188 71 72 205 207 82 211 87 89 103 114 250 252 254
270 146 148 149 284 294 295 54 63 77 80 81 208 83 86 215 93 234 112
97 129 259 164 165 134 228 78 144 275 152 122 155 125 158 159
288 131 173 243 279 217 157
248 133 175 145 241 184 153 218 220
197 229 200 201 267 238 212 213 182 278 187 223
289 227 298 203 210 242 183 247 222 255
225 194 269 280 249
290 196 299 237 251 209 244 219
272 230 287
258 283 261 271
282

