0 1 2 259 263 13 14 16 146 274 276 149 154 28 162 35 163 297 49 57 192 214 219 103 106 117 245
3 4 7 8 139 270 15 22 23 24 25 152 40 41 52 187 61 69 205 78 80 210 92 234 111 241 116 247
128 257 99 5 39 105 109 141 112 19 157 254
96 130 67 293 70 6 199 169 11 75 140 235 82 118 27
129 131 9 10 20 278 158 30 290 166 46 47 48 176 180 53 63 64 197 220 223 228 236 110 126
135 12 142 143 17 31 161 37 179 183 56 191 200 206 88 216 221 119 249 255
160 195 132 71 299 237 18 147 62 286
33 193 164 230 136 108 174 50 275 21 277 185 90 93
269 273 26 284 29 294 167 168 172 45 51 188 68 73 211 91 97 107 113 114 244
32 226 134 102 138 202 272 178 283
34 295 232 74 44 209 189 281 250 125
256 65 36 133 165 171 79 243 85 182 55 217 156
285 38 43 175 177 54 58 66 194 196 72 81 86 89 95 100 233 239 242 121
289 227 296 201 42 60 213 246 151 124 94
264 279 280 155 159 170 186 59 76 77 83 84 212 87 225 98 104 120 252 127
101 137 204 268 207 145 148 184 282 251 287
288 229 198 218 144 115 150 215 122 123
224 261 262 173 181 153 190 222
203 260 238 271
208 266 292
253 231
240 265 291
248 258 267
298

