0 132 5 134 13 15 22 299 173 50 53 181 56 190 192 65 203 221 102 111 117 126
1 2 3 4 6 7 10 11 139 270 271 19 155 30 33 34 37 38 46 75 209 212 95 228 105 237 115
259 135 8 138 14 16 17 147 20 25 27 35 48 63 72 210 99 114 120
128 129 258 133 9 12 143 146 148 277 26 28 157 39 40 44 47 49 183 58 59 70 73 83 84 86 88 216 97 103 107 118
264 18 150 23 280 32 163 36 291 41 42 177 186 61 62 64 193 66 76 93 94 227 231 252
159 248 67 293 136 43 140 51 21 85 24 57 124 29 31
162 101 262 294 233 74 77 45 142 80 205 178 206 207 55 60
153 195 68 230 200 79 145 52 182 87 152 121 123 191
154 298 179 54 185 187 69 197 71 78 81 82 211 91 92 96 98 104 109 113 245 119 127
131 137 171 235 174 276 246 215 89 218 251 285 158
144 151 282 284 156 290 165 297 170 172 175 199 201 204 90 220 226 100 244
256 260 287 106 110 242 255
194 198 232 108 273 243 149 184 219
161 164 196 263 112 176 213 189
160 130 292 169 202 234 265 141 269 239 116 122 125
166 168 267 240 214 278 223
229 167 236 238 208 253 222
224 225 249 261 180 217
257 274 275 281 250 188
288 289 295 296 272 241 247 283
266 254
268 286 279

