0 1 3 4 262 7 10 138 13 14 271 21 23 280 25 27 31 32 35 38 39 41 46 55 184 58 194 67 83 87 243 244 125
2 5 6 11 15 17 19 147 151 28 33 44 47 175 51 52 53 54 59 201 209 84 225 238 114
129 261 8 9 139 12 16 22 24 157 30 289 162 163 291 294 43 45 174 48 49 180 72 206 81 91 98 103 113 118 122
224 36 70 71 298 107 203 235 18 82 20 26 156 29
96 34 130 132 164 293 141 93 284 86 88 282 219 92 61 255
161 195 37 166 135 168 105 230 237 208 50 181 119 90 124 63
257 136 276 149 40 297 42 299 182 56 185 186 60 76 77 80 216 217 223 99 104 110 240 115 251
65 258 68 100 200 73 75 236 144 145 146 214 246 57 287
64 191 66 228 133 202 268 270 79 176 178 274 116 117 247 62 95
290 227 69 137 74 106 109 78 111 173 241 150 278 253 221 222 127
97 121 260 165 265 108 269 143 239 242 85 89 94
292 101 102 155 123 220
167 231 169 112 153 154
128 134 264 142 120 158 159
131 170 140 172 275 148 252 126
160 197 199 233 234 183 152 215
259 229 232 266 171 272 177 210 281 285
196 263 250 205 273 179 211 212 218 187 190
193 188
226 198 296 245 189
192 295 207 213 279 249 254 286
248 267 204
256 288 283
277

