0 1 2 3 5 138 26 154 37 166 167 294 45 174 60 68 74 78 85 89 92 95 101 115
4 6 7 15 16 19 147 152 30 34 39 42 44 53 59 66 201 79 84 220 108 114 119 253
135 8 11 13 145 18 149 281 159 175 177 55 67 81 88 238 116 244 255
129 133 9 10 142 20 277 24 156 54 65 195 70 73 210 86 91 245 118
260 137 12 14 31 32 290 164 46 48 187 190 64 69 76 219 93 222 97 104 117
121 134 230 236 205 237 208 17 22 87 57 58 29 94
131 140 21 280 28 284 158 35 171 47 49 50 61 62 63 71 204 80 83 100 105 107
257 130 36 102 40 72 169 75 232 173 143 207 52 23 25 27
33 41 298 43 51 179 180 56 193 203 82 214 90 96 98 226 109 246 127
259 38 267 112 176 150 182 189
99 295 77 243 148 151 125
256 103 270 111 146 191
163 227 262 136 296 106 240 274 120
292 165 172 269 110 144 113 209 248 186 254
258 132 234 239 271 283 185 122 123 124
228 198 297 139 278 282 126 286
128 162 194 200 170 299 141 242 221 250 251 157
160 161 266 279 212 276 183 153 218 155 252
288 199 168 233 178 188
192 196 202 206 181 213 249
225 287 272 275 184 216
224 197 241 273 247
289 211 235
264 223 261 215
217 293 231
291 268 229
285 263
265

