0 2 14 145 19 277 36 37 167 172 175 192 69 70 197 72 205 207 250 114 122 123 124
1 130 3 258 6 7 269 275 149 287 43 299 174 187 194 71 204 219 92 231
67 4 9 233 44 173 46 15 48 177 279 83 52 22 151 153 252 191
5 264 10 268 144 276 45 62 64 66 78 88 225 98 105 106 108 115 118 255
161 163 68 291 38 103 8 267 13 244 117 186 155 156 61
96 160 227 132 259 40 168 201 11 202 16 51 21 53 24 254
65 35 195 196 281 39 12 80 17 50 242 87 23 152 25 26 95 63
97 223 260 73 81 18 56 216
141 270 271 272 147 20 284 29 30 32 34 42 49 60 198 76 84 89 234 247
33 228 249 136 41 75 47 79 112 222 212 57 27 28 125 126 31
262 74 170 140 77 266 179 86 54 150 214 90 59 127
285 295 235 143 176 82 116 245 55 120 58 189
129 100 102 134 135 230 171 237 142 85 278 91 93 94
99 131 101 261 293 104 107 111 209 146 274 183 221 158
217 133 292 199 294 109 110 239 213 182 119 184 121 159
128 288 229 137 138 139 265 113 210 241 218 286
257 162 289 165 200 298 148 188
169 240 273 154 157
193 226 164 166 263 203 236 211 246 215 248 185
280 178 243
224 290 238 180 181 190
256 232 297 206 208 283 220 253
282 251
296

