0 1 2 3 129 131 258 12 13 18 19 21 24 27 38 53 65 211 95 105 110 114
4 143 16 274 20 149 22 285 30 31 32 289 165 173 62 63 73 74 202 79 91 97 107 237 111
5 8 14 15 148 150 152 26 282 158 33 37 296 298 45 56 69 93 226 112 249 255
160 225 66 35 6 103 9 42 76 83 86 23 251 94
7 136 10 142 271 272 17 162 172 175 177 183 64 195 70 203 90 224 102 248
96 98 230 39 168 281 11 108 78 208 157 151 88 25 58 61
292 231 43 139 238 176 156 82 50 180 275 253 89 187 28 29 190 127
34 36 68 132 40 137 109 146 116 85 182 119 121 154 59 124 159
290 164 293 41 44 77 174 273 179 87 184
257 228 263 140 46 80 49 178 284 55 153 283 60
227 196 101 135 201 170 75 47 48 207 239 181 54 120 122 125
128 130 134 144 161 169 51 52 57 191 193 197 71 204 84 216 218 92 232 113 244 118 246
67 100 72 264 81 145 242 117 186 155 126 286
99 260 133 166 167 198 199 106 138 200 205 233 270 210 115 217 189
288 104 236 141 213 277 254
192 266 268 147 212 185 123 220
194 163 171 206 240 209 241 188 223
294 219 214
229 262 269 243 215 280 250 222
245 234 259 221
297 235 299
247
256 295 267 279 252
265 276 261
278 287
291

