0 1 22 283 163 291 165 168 172 45 179 53 182 55 63 72 73 201 75 76 210 90 227 104 105 238 253 126
2 8 138 268 13 272 27 30 31 159 38 46 47 183 62 67 195 77 88 89 219 95 98 226 102 112 122 123
3 4 20 37 40 299 52 56 185 60 68 196 204 78 221 223 229 113 243 116 252
131 5 6 135 9 10 139 12 141 269 15 17 145 19 151 279 25 157 289 34 39 174 50 190 192 70 80 84 212 247 94 119
32 99 36 197 261 7 136 137 42 11 237 110 79 82 54 214
260 14 143 16 18 280 155 166 297 298 43 49 51 188 202 213 216 217 220 120 251 127
256 147 21 23 24 26 282 29 158 33 35 293 41 44 59 64 66 69 71 200 211 218 241 117 118
132 276 28 295 173 175 48 176 57 58 205 86 92 100 101 231 106 109 249
170 81 273 83 61 148 149 150 281 154 93
96 65 130 258 134 294 234 107 171 142 244 181 246 87 191
161 259 103 167 263 74 264 267 270 271 144 208 240 242 152 187 124 222
128 97 164 228 236 114 115 178 85 91 156 125
129 153 162 225 133 199 108 111 209 180 277 184 121 186 284
193 194 198 230 169 140 146 275 215 189 286
160 288 262 235 207 285
233 266 203 206 177
224 290 292 245 278 250 255
257 232 265 296 239 274 248 254
287

