0 4 9 137 11 12 13 15 146 277 22 152 30 31 163 40 172 46 56 58 192 202 207 221 94 96 116
1 3 8 139 20 23 28 29 159 32 164 174 179 67 196 198 74 75 210 92 220 107 110 111 113 241 117
33 2 68 71 234 299 16 17 19 52 212 249 26 253
162 99 131 5 7 103 42 282 44 141 79 145 50 276 248 186
257 66 37 6 101 134 136 10 138 295 296 251 48 51 182 155 188
65 36 264 73 201 14 271 49 81 147 245 150 214 89 154 91
135 265 272 18 21 151 153 25 38 39 45 54 57 64 200 76 208 108 244 123
143 274 24 27 157 160 34 43 47 53 184 61 62 63 193 69 83 85 88 90 93 225 226 109
259 266 270 144 278 158 161 35 291 170 181 84 213 98 100 230 240 118 120
128 129 197 102 166 41 218 80 82 189 215 59 252 125 222
97 287 229 262 72 104 232 267 268 173 156 86 55 124 223
292 70 77 78 238 112 115 119 148 87 60 95
258 132 165 168 105 106 171 142 114 246 190
130 228 293 203 176 177 209 242 273 149 247 121 126
256 290 195 255 199 298 140 183 122 283 254 127
133 263 235 237 269 185 219
289 227 294 167 231 169 204 175 239 243 180 187 285
194 206 178 216 217 286 191
261 297 205 211 281
224 260 233 236 275 279 250
280 288 284

