0 1 2 3 129 133 13 14 273 20 22 24 26 158 31 159 36 292 167 170 53 184 190 64 194 75 80 219 92 221 100 101 236 109 117 123
4 6 134 11 12 15 144 18 277 29 34 164 43 47 49 51 52 57 70 71 212 217 224 229 243 245 125
132 5 262 7 135 9 264 140 272 152 153 281 35 39 298 44 176 189 63 66 197 73 79 81 210 85 235 240 114 126
260 8 10 138 139 16 17 21 25 32 33 162 294 45 55 56 58 61 65 69 201 74 211 93 97 112
128 136 19 276 150 23 30 290 291 41 42 297 46 175 67 195 202 77 98 104 242 115 120 127
257 266 268 27 28 284 295 40 171 173 50 186 188 62 204 205 83 86 88 220 105 234 116 244 121 122
161 225 99 163 37 38 103 198 78 48 145 247 216 90 91 286 191
130 131 263 278 151 280 154 172 177 179 180 181 54 59 60 196 199 72 207 84 215 89 94 96 102 230 232 237 251
256 255 68 259 166 261 111 239 82 274 214 187 157 95
168 169 107 108 76 110 141 208 209 119 87 185 283
193 289 296 137 106 203 142 174 113 156 147 118 246 124 222 223
160 192 282 238 143 178 146 275 182 183 250 155 253
165 231 200 206 148 149 213
241 218 254 265
226 228 279 249 252
227
248 233 258 288
267 270 271
269
285 287
293
299

