0 128 4 135 267 12 20 150 283 284 290 291 56 66 68 198 205 208 89 229 230 231 118 250 254
1 3 134 9 10 15 16 282 162 38 43 299 63 192 195 206 87 233 239
2 268 13 278 280 25 26 44 51 61 193 82 214 91 93 96 101 104 121 126
256 258 5 7 136 264 138 11 143 18 148 23 27 28 32 165 40 41 170 46 178 62 207 90 227 106 117 245 122
130 6 8 140 144 17 19 21 22 37 42 173 47 55 185 187 60 190 71 72 199 225 235 244 252
14 146 24 29 158 159 31 33 36 39 169 175 49 179 67 213 94 222 111 114 242 127
261 145 149 152 156 30 287 35 294 191 194 69 70 204 88 113 241 120 125
65 34 262 81 50 275 212 54 86 246 218 286
160 224 295 234 139 171 45 78 236 48 53 153 154 189 223
99 163 166 168 108 174 52 85 116 57 58 219 92 221
97 100 110 112 177 240 182 281 59
64 292 73 74 137 172 77 237 181 151 249 157 95
288 129 132 103 75 115 83 248 124
98 131 133 167 200 297 203 76 141 79 176 243 119 186
293 201 107 270 80 147 84 211 184 217 155 253
161 164 196 102 263 105 109 142 251 210 123 220 255
260 232 271 180 247 216 188 285
259 197 265 209 215 183
272 202 226 238
266 228 298
257
276 269
296 273
274
289 277
279

