0 1 3 4 6 7 18 20 31 33 34 36 166 64 197 76 95 100 118 247 127
2 5 10 13 16 145 22 29 32 292 38 43 47 55 63 67 69 75 212 213 215 238 243 251
257 8 9 141 144 23 24 28 41 42 45 205 209 86 216 217 102 241 250
11 14 147 151 26 30 39 44 173 174 48 180 54 73 80 220 94 226 104 239 112 242
12 140 273 274 19 275 280 25 160 161 37 294 46 49 50 52 53 181 190 91 98 230 113 123 255
15 17 21 153 154 27 283 157 162 165 40 56 61 66 196 200 81 214 87 88 92 221 110 115 117 121 253
96 128 129 35 131 224 70 198 72 202 139 235 208 240 82 57 282 62
65 68 228 261 138 107 142 79 51 211 245 281 58 219 189 158 286
225 101 134 201 268 207 276 90 59
256 262 265 271 150 159 291 169 299 177 178 185 60 193 195 85 99 244 120 122 124
229 71 74 176 116 84 89 155 125 222
130 259 199 168 231 77 83 246 248 156
258 132 133 136 278 279 285 287 170 171 175 192 78 223 97 105 236 111 249
288 194 290 260 167 232 108 146 179 183 93 254 191
163 103 106 272 277 119 284 126
227 264 233 234 203 172 109 269 188
164 135 263 137 218 267 204 114 186 187
296 297 266 206 143 148 149 182 152 184
289 298 237 210 252
270
293 295

