0 1 2 3 4 5 257 260 261 9 10 12 269 17 19 27 32 160 34 43 172 58 66 68 70 96 98 232 107 240 242 115
6 8 11 15 21 25 31 288 294 295 173 47 176 57 64 192 73 88 220 95 248
132 134 7 13 14 16 153 26 33 163 36 37 39 167 169 51 179 55 183 63 204 80 81 254 217 92 231 108 111 119 252 125 126
18 20 278 24 282 155 285 158 42 298 44 45 182 69 71 72 75 77 218 94 113 123 127
256 131 133 137 267 276 22 23 29 35 170 50 62 194 200 82 210 109 241 118 253
146 147 148 28 284 30 159 161 164 38 40 46 49 54 67 74 84 212 214 219 222 227 228 101 104 121
262 140 272 41 171 53 61 195 197 79 83 86 87 215 91 224 229 106 237 244
65 130 249 299 76 78 239 48 112 273 274 213 152 89
97 99 165 103 168 205 144 114 275 52 85 149 247 60
128 129 193 225 154 136 105 202 233 208 145 116 157 56 90 59 93
258 259 135 156 174 175 181 184 190 216 221 223 100 102 122 110 238 243 117 120 250
162 230 199 266 141 142 143 177 150 151 185 124 191
198 138 139 207 209 280 186
293 166 234 206 270 180 279
263 235 271 178 189
187 277
226 196 292 201 203 236 281 188
283 265 211 268
245 255
289 264 246 251 287
286
296 297 290 291

