0 259 4 10 12 141 16 18 147 21 25 284 158 169 57 62 74 204 217 93 227 113 121 252
1 2 3 130 6 11 17 24 32 288 34 37 167 295 170 46 51 184 60 67 68 198 71 90 98 247 127
129 5 275 23 26 31 33 289 294 39 40 43 47 181 54 69 77 81 89 218 223 229 237 251 114 123 254
7 8 9 14 15 19 20 281 27 29 30 157 35 36 38 41 44 55 196 70 209 213 220 96 102 112 240 118
42 76 13 124 156 146 179 245 152 153 28 63
194 104 299 80 49 22 150 151 188 189 94
66 99 73 201 265 45 79 178 148 244 246 154 187 287
226 101 133 166 264 59 297 48 180 183 91 61 255
65 100 132 103 105 236 50 52 53 86 58 190 222 126 191
97 163 260 134 72 75 171 78 110 142 82 211 276 182 56
64 128 159 224 135 136 200 106 143 175 145 277 87 120 92 95
230 199 107 271 177 83 117 85 248
193 197 137 140 109 111 242 116 84 122
256 162 131 263 203 144 119 88
165 168 138 108 173 206 214 249 125
160 257 262 235 267 238 241 115 149 278 215 286
161 258 232 139 172 205 282 216 186 285
195 228 293 233 202 234 176 243 155 253
192 164 261 266 270
185 298 269 174
225 231 207 208 239 212 250 219 221
291 268 272 210 280
273 283
274 292
279
296 290

