0 5 135 9 140 14 145 20 26 285 34 162 163 58 67 69 71 199 116 121 253
1 2 258 4 134 10 12 268 21 277 24 29 161 37 166 40 168 44 46 48 53 64 212 214 93 228 229 103 104 105 107
256 3 6 262 8 267 15 27 28 290 43 45 207 80 85 87 89 90 91 233 112 114 244
7 11 13 16 144 146 153 25 157 30 32 291 175 49 179 52 56 57 191 194 74 75 202 216 97 231 237 252 117 250 251 124
130 131 17 18 159 33 35 36 293 299 182 55 186 188 196 70 205 79 81 211 88 94 96 232 106 111 239 123
137 274 19 22 158 31 287 289 39 42 171 47 181 183 184 60 61 62 68 78 209 221 99 100
259 261 142 150 23 154 38 167 41 50 178 187 59 189 63 72 213 102 110 126
65 195 227 101 165 200 127 143 51 275 54 86 217 92 254 95
160 66 98 297 174 113 84 119 120
226 292 73 138 169 76 77 235 241 82 83 118 246 122 222 255
132 164 201 139 108 109 204 177 180 149 245 284 219 220
133 198 295 265 266 236 176 115 148 278 248 282 156 190
129 193 260 234 172 270 240 247 152 155 125
128 249 281 203 173 206 271 147 276 215 185 218 283
197 230 263 136 170 298 141 269 208 243 151 223
192 224 225 294 273 210 280
257 264 238 272 242 279 286
288
296

