0 1 2 5 6 7 8 9 10 11 12 14 17 145 21 23 25 28 288 289 38 40 44 47 48 49 177 178 185 58 60 61 64 69 205 212 214 90 95 225 108 126
128 3 4 15 16 20 22 24 26 29 31 32 33 165 42 46 63 73 77 80 230 103 233 234 110 121 122 255
262 13 141 18 19 284 30 35 45 51 53 54 188 72 203 85 88 217 100 112
256 130 140 143 282 27 34 36 169 173 183 57 189 190 192 66 67 78 86 247 92 98 228 119 250
131 292 37 102 232 218 265 286 142 207 180 186 219 220 62 223
194 133 197 71 39 41 135 107 171 79 81 114 52 116 278 59 156 222
96 65 226 248 68 70 134 231 263 294 43 111 272 50 148 87 151 152
258 101 293 104 105 138 123 297 144 283 147 55 56 91 124 191
153 163 132 74 139 76 206 175 240 83 149 89
280 106 75 235 266 84 118 150 246 127
129 296 268 269 238 82 244 117 181 216 281 187 125
195 291 201 239 209 210 215 249 93 94
97 257 99 260 166 170 237 113 146 213 254
224 290 229 261 172 109 270 154
161 162 164 196 167 202 298 204 271 274 115 182 120 155 253 287
227 136 137 176 273 242 252 159
299 241 211 157 184 285
160 259 198 168 264 267 179 276 158
200 236 174 208 243 245 277 221
193 199 295 275 279 251

