0 1 3 4 16 23 27 30 34 36 170 44 46 47 56 57 59 61 191 193 208 223 104 248 121 124 125 254
128 257 2 5 9 267 12 15 17 145 21 25 156 31 159 33 168 41 49 51 67 219 98 244 123
259 6 7 135 13 19 20 150 151 26 283 161 164 39 173 52 54 183 201 77 80 97 99 237
131 8 136 10 11 139 140 142 148 149 152 153 28 37 184 73 81 83 215 218 110 122
265 269 14 274 275 154 160 299 62 71 207 209 211 90 221 93 101 230 108 114
66 162 100 293 102 294 295 105 234 171 76 143 18 85 117 55 91 95
263 271 144 22 24 155 29 158 32 38 43 48 186 190 87 88 103 116 119 253 126
96 258 35 68 42 106 107 203 50 84 180 86 212 286
132 281 291 40 169 172 45 182 58 188 60 192 194 70 75 82 89 92 225 228 229 112
65 196 69 74 138 268 53 94
64 167 137 141 78 176 240 241 115 272 277 246 120 63
129 163 134 72 204 79 113 146 247 216 185
130 166 109 174 111 270 273 179 118 278 249 251 189 127
288 227 133 165 177 178 147 210 181 280 187 220 157 222
256 226 195 264 233 202 236 238 175 276 284
224 197 200 205 213 214 217 255
198 199 298 206 279
232 242 231
266 235 292 262
261 297 239 243 252
250 260 245
282 285 287
289 290
296

