0 4 136 10 266 16 274 21 25 283 28 159 35 164 37 293 41 174 49 177 181 59 66 195 201 215 88 232 244 117 121
1 2 131 264 143 17 273 150 151 24 29 158 160 163 36 185 186 69 72 78 212 89 225 231 106 236 112 240
128 3 5 261 141 279 280 30 38 39 172 173 205 207 80 82 98 114 118 123
6 7 11 14 147 284 32 33 34 295 42 47 58 189 193 70 76 84 87 228 113 115
288 217 166 8 168 107 203 15 176 251 18 51 52 182 23 57 27
134 9 265 268 269 146 19 20 281 31 162 292 50 56 63 74 211 85 91 100 233 108 239
12 13 148 154 286 60 191 68 197 71 77 83 219 94 224 229 230 234 235 110 116 120
130 132 267 270 22 26 155 157 45 55 61 190 67 199 86 216 93 95 105 243 246 126 255
65 101 165 40 104 202 75 44 238 111 81 210 54 247 249 90 62 223
129 194 133 103 43 46 79 48 175 208 179 252 119 187 92 222
64 256 99 260 135 73 297 206 145 178 53 213 122 124 221 254
96 227 198 200 137 171 140 180 183 287
97 291 102 109 237 214 278 248 250
192 226 262 294 138 139 144 275 149 184 218 125 127
259 296 170 298 299 142 271 276 153 188
196 263 204 209 242 245 152 253
161 257 289 167 169 156 220
272 241 258 277
282 290 285

