0 261 270 144 147 148 151 280 31 166 167 299 44 172 173 58 187 61 62 68 75 86 216 93 223 97 103 116 249 122 251 255
1 138 12 142 143 22 155 283 284 32 295 42 48 51 54 70 198 205 206 226 110 239 115 244
2 3 4 141 17 274 19 149 24 25 26 33 46 47 56 67 196 72 73 203 88 89 224 231 109
128 132 5 133 8 11 145 18 156 30 286 34 175 177 178 60 188 63 204 83 247 221 225 98 99 230 232 233 245 119 120 127
64 96 161 6 71 263 240 210 222 117 218 29 126
129 7 136 13 14 15 21 28 160 289 290 293 294 41 43 50 181 69 214 90 94 100 237 242 118 123
164 38 135 9 10 139 170 267 79 16 273 20 53 23 185 27 124 95
131 134 262 140 271 35 36 37 40 52 66 201 207 80 212 227 102 107 112 113
195 197 229 39 91 235 108 77 176 84 57 154 59 92
291 200 106 45 85 55 152 183 184
65 193 163 258 104 78 111 49 82 81 146 179 150 87 211 213 186 243
130 194 101 296 105 74 76 236 114 180 121
288 257 228 165 199 171 174 208 157 182 279 125 158
192 162 137 234 298 252 254 153 219 220 253 190
159 259 168 169 241 275 276 278 285 191
297 202 266 209 277 215 217 189
292 268 269 238 282
246
248 264 250 281
256 260 287
272 265

