0 1 2 3 4 130 131 259 10 12 13 22 29 34 168 48 183 63 203 204 77 215 92 233 107 119 251
5 6 7 8 9 133 11 134 264 18 21 24 295 178 56 57 184 65 197 71 243 120
14 16 145 272 20 150 25 154 283 160 36 165 42 50 188 72 89 219 94 242 121
32 194 291 287 37 38 297 138 44 236 60 15 19 85 284 282 28 127
129 265 17 151 26 30 35 39 41 43 52 59 61 68 75 87 90 101 102
96 97 225 288 228 104 45 46 109 173 84 23 55 217 123 252
128 33 257 67 100 164 202 47 49 211 148 180 122 27
167 40 298 111 208 177 146 179 273 53 152 31
64 192 289 99 69 70 293 235 110 113 82 51 214 88 153 124 95
161 132 230 137 74 234 155 142 239 80 117 54 125 253 91 93 62
258 200 267 78 81 245 182 216 58
66 98 196 139 108 76 140 112 118 254
290 261 199 136 73 231 299 143 79 209 275 244 278 126
227 105 106 171 141 175 241 114 83 147 276 86 280 281
198 103 207 210 220 149 156 286
174 206 144 238 115 116 213 191
166 135 262 222 277 157 190 159
186 158
162 163 195 169 269 249
193 232 170 172 205 270 176 212
224 256 263 268 181 185 218
260 296 246 187 285
237 226 189 223
248 201 221 247
292 229 266 240 274 255
250 279 294 271

