0 260 261 263 139 13 20 278 27 291 172 51 60 81 83 214 227 101 229 237 110 113 246 249 125
1 130 264 11 14 143 144 18 26 296 43 54 183 187 61 73 92 104 123
256 2 3 7 16 19 149 31 287 34 165 171 173 53 63 65 194 74 82 210 84 105 119 126
4 270 271 277 150 23 25 32 161 35 39 42 45 47 48 50 179 56 186 188 64 66 76 215 96 225 99 232 244 121 254
5 6 134 8 17 146 274 275 152 283 28 286 290 292 38 40 68 80 213 216 94 235 109 238 124 127
133 136 9 10 137 140 265 22 24 154 282 29 166 41 46 58 72 211 86 87 91 222 223 233 115 116
12 15 147 21 30 160 162 163 37 297 57 69 77 79 85 89 218 98 112 251
33 97 199 169 267 49 55 88 217 155
257 258 259 138 280 157 36 168 44 176 52 59 190 191 195 70 201 212 90 221 226 100 106 107 248 253
129 102 202 203 78 174 240 177 182 62
67 132 262 71 75 204 205 142 272 209 117
128 294 103 108 111 189 156 93 159
255 135 234 207 145 273 180 245 281 252 285 95
224 131 196 167 231 114 181 151 120 158
228 230 298 242 148 118 122
192 185 164 198 170 236 141 153
197 200 299 175 243 276
193 295 206 178 184 219 220
208 266 247
268 269 239
289 241 279 250 284
288 293

