0 1 3 5 134 7 8 9 262 14 270 19 20 27 28 29 30 161 57 72 200 207 81 91 126 255
128 2 4 133 6 11 12 13 267 15 17 21 23 32 164 39 43 50 59 65 69 198 75 210 127
10 140 271 18 146 149 278 153 26 36 37 40 168 49 177 58 187 190 88 98 235 111 240 117
16 22 279 24 25 158 288 34 35 38 170 48 52 55 185 62 63 78 87 222 102 230 118 120
162 166 265 44 109 220 85 54 184 89 123 188 221 31
144 145 277 150 281 156 287 33 42 180 60 192 68 196 73 205 80 208 96 104 233 106 125
160 289 163 228 41 201 108 46 47 114 51 284 252 285 223
256 227 101 74 45 283 243 148 53 213 119 56 155
64 66 171 76 143 82 179 211 246 61
259 152 291 176 191 67 71 202 77 84 212 86 90 92 224 103 231 105 113 247 122
225 257 260 165 70 197 292 141 110 79 275 244 189 95
129 264 269 276 280 175 182 186 199 83 93 94 97 226 107 237 238 241 116 248 250 251
193 194 99 100 261 167 234 139 174 112 147 282 219 124
249 296 172 268 178 115 216 121
130 131 290 229 136 137 169 204 209 151 218
299 132 263
294 135 138 173 142 154 157
206 273 245 217 253 159
293 298 203 181 183
266 195 214
239 215
232 258
236 295
272 242 254
274
297 286

