0 1 2 7 8 18 21 22 23 28 32 164 37 40 168 49 182 202 204 79 99 102 231 112 115 243 125
130 3 131 10 15 17 30 31 33 34 161 293 53 54 187 61 66 67 68 76 80 209 87 216 232 236 245 122
4 134 266 11 12 140 16 20 156 35 36 39 42 174 179 52 55 62 73 210 86 116 247 248
193 5 38 197 295 9 74 108 13 14 85 278 119 219 157 127
96 97 100 69 6 70 132 43 206 207 240 19 275 181 120 91 152 222
256 129 145 274 148 24 26 162 41 45 176 63 64 195 71 83 94 95 251
136 143 276 149 150 279 25 289 163 297 44 46 47 58 191 198 199 223 98 228 105 235 237 110 121
258 141 27 29 290 165 173 48 50 178 189 192 221 225 226 101 104 233 106 107 113 250 123
128 133 277 167 169 171 51 57 188 65 81 211 89 217 229 230 111 241 244 252
138 75 155 77 78 272 114 180 117 284 56 59 60
139 151 280 159 292 296 185 190 72 82 214 90 92 93 234 118 249 126 254 255
194 259 196 135 201 170 109 175 84 212 246 215 88 253
257 294 103 137 267 186 124
166 298 203 142 208 273 213 153 218
160 265 299 238 239 144 177 154
224 288 227 172 205 269 270 271 146 147 220 285 158 286
291 260 261 262 200 264 183 184 281
242 263
268
282 283 287

