0 1 258 4 134 7 10 138 143 272 23 281 155 285 286 32 40 49 177 178 180 54 61 64 66 200 86 224
256 2 3 260 5 6 8 9 146 33 164 45 46 47 48 175 75 209 85 247 101 107 112 115 117 119 125
132 133 11 13 18 22 24 25 152 289 34 166 169 297 50 63 83 218 219 99 104 236 124
135 265 12 268 15 16 19 21 156 157 30 35 38 41 170 179 52 53 185 59 190 72 79 82 88 94 95 233 114 255
14 20 148 278 153 28 29 290 291 294 39 44 173 183 58 62 67 69 71 73 202 210 87 96 109 239 242 243 250 251
266 17 151 158 31 292 186 68 197 199 76 204 78 207 80 211 93 232 108 110 245 118 122
262 263 136 137 141 271 26 27 284 36 37 42 43 51 55 56 188 201 90 220 98 226 227 102 116 248 126
89 65 97 100 165 70 249 77 270 84 184 57 154 60 254
160 193 225 259 196 287 288 103 293 74 237 174 149 213 283 253 127
128 129 130 217 198 231 299 172 142 81 150 120 121 91 221 159
131 147 162 163 167 182 189 192 194 203 206 212 92 223 105 106 235 111 246 123
161 257 296 139 140 171 205 144 113 176 273 275 181 277 280 187 191
229 295 168 238 208 145
195 230 269 241 244 214 216 252
228 264 234 298 240 276 215 282 222
274 261
267 279

