0 3 6 135 8 138 13 146 149 280 29 30 162 165 293 173 188 202 204 205 206 82 217 224 99 105 116 248 122
1 129 4 265 11 12 16 18 22 155 28 42 52 180 67 81 212 92 220 227 238 124
128 2 69 9 10 107 169 14 15 110 114 19 85 23 27 279 125 126
33 37 5 101 231 262 74 241 274 179 218 31 63
32 161 35 36 7 71 136 267 44 47 79 49 246 183 90 285 127
192 256 290 292 133 39 171 112 17 273 51 152 121 93
100 200 20 120 58 59
130 21 278 24 153 26 282 53 54 181 56 187 196 70 198 77 207 86 88 95 98 226
64 97 34 229 168 236 268 113 118 25 251 286
96 38 103 73 170 75 76 45 145 242 83 191
65 66 261 295 40 72 104 143 272 87 151
195 41 266 46 48 115 84 147 148 55 150 284 60 157 94
228 166 297 43 108 141 78 80 208 50 178 117 189 216 61 159
163 68 132 102 185 199 111 144 177 243 57 123 252 222 62
164 230 281 296 106 172 174 271 176 244 277 215 89 91 221 223
137 234 139 109 209 276 182 186 283 190
160 167 201 250 235 140 142 214 119 154
225 131 134 254
288 194 291 294 275 245 156 158
260 264 203 270 175 184 287
193 298 211 247 255
257 289 197 239
259 263 232 233 237 269 240 210 213 249 219
258 253
299

