0 1 3 137 15 147 148 21 149 30 293 189 66 194 214 92 105 233 118 251
256 2 4 9 143 32 35 163 41 170 43 46 54 87 217 97 107 236 116 125
5 134 7 262 11 140 14 142 150 285 31 33 294 49 53 186 82 213 99 227 101 228 230
128 133 6 139 267 13 272 275 281 160 34 169 298 171 44 47 179 200 203 209 88 237 245
132 8 18 29 291 173 174 48 52 180 55 58 65 67 196 198 76 81 83 220 93 94 222 111 124
64 289 165 297 10 45 77 141 252 86 56 57 122 60 184
265 12 17 22 283 27 284 159 164 39 168 63 68 197 72 80 90 117 248 121
36 37 100 263 202 172 78 16 177 178 115 280 26 59 188 221 223
260 264 19 20 24 153 25 282 28 40 181 62 192 69 71 199 73 79 215 89 218 102 231
146 23 152 158 161 38 166 175 51 182 61 191 204 205 206 216 91 98 104 109
224 258 195 229 42 75 110 270 50 242 84 85 249 123 157
70 106 235 144 240 114 154 187 95
296 74 207 176 145 208 119 156 127
96 225 257 131 135 268 113 212 246 155 255
226 103 108 241 278 247 185 126 190
130 259 136 201 112 210 183
129 162 167 138 271 211 151 120 219 287
193 239 273 277 254
232 266 261
234 244
274 238
292 299 243 250 253 286
269
290 276 295
279
288

