0 1 2 33 227 229 74 266 15 176 19 83 117 28 29 126
3 135 138 12 14 22 25 26 165 166 47 48 54 56 63 94 223 99 228 103
4 7 8 271 17 21 157 30 31 35 38 40 41 168 171 52 188 61 189 66 199 75 86 215 95 96 100 101 249
160 288 287 5 6 69 261 43 237 113 50 119 55 121 154 124 125 159
131 9 10 18 291 36 37 42 45 46 173 175 51 53 202 114 244 122 127
128 11 13 142 16 145 147 275 23 24 27 170 44 183 195 71 208 82 89 98 107 108 111 239 243 123
141 146 20 150 156 286 32 34 49 184 58 60 64 68 76 78 207 210 212 85 87 222 97 112
224 193 133 102 39 136 73 296 268 110 80 240 116 285 59 93
129 258 260 197 137 169 203 204 236 174 81 177 277 57 187 92 62 191
65 163 132 292 263 104 233 106 298 283 213 246 90 155 254
248 67 164 70 264 105 79 209 274 118 151 182 185 216
280 259 134 230 72 77 205 144 241 115 84 211 120 220
161 289 297 139 109 238 180 245 278 88 281 91 190
130 294 232 140 206 272 179 149 186 253 255
194 231 143 152 284
192 196 198 273 148 181 214 276 217 252
225 162 226 290 167 235 172 153 218 158
257 262 200 201 251 178 242 279 219 221
256 295 234 269 270 247 250
265 267 293
282
299

