0 5 7 136 13 15 18 22 23 282 284 29 31 162 41 50 55 62 192 200 80 81 91 229 119
1 2 129 132 133 257 135 139 143 19 20 157 37 169 45 173 58 65 73 85 213 93 225 228 113 255
290 3 36 8 10 106 141 16 49 177 147 116 53 150 122 27
64 96 34 259 4 164 6 38 107 14 46 21 24 153 28
9 11 12 17 25 26 281 165 39 40 299 48 57 60 63 197 76 79 219 95 223 226 100 248
32 256 67 35 292 262 71 104 294 74 43 203 298 176 125 30
263 33 291 42 44 179 183 190 191 66 68 70 204 78 83 94 114 126 127
131 264 171 47 144 211 84 118 56 217 285
97 102 167 72 199 75 110 271 283 51 276 277 54 121 123
195 69 103 233 297 77 142 251 112 82 274 52 149 59 124 61 287
98 130 258 234 86 182 154 156
134 235 209 115 117 87 88
261 105 172 270 145 146 188 89 90 92
193 99 101 108 236 206 237 214 278 152 220
289 166 109 240 180 187 252 159
288 161 163 196 227 137 265 267 111 242 151 185
160 266 207 208 239 241 273 212 181 120
128 295 148 250 158
293 198 230 232 202 138 140 246 155 286
260 168 205 174 275 254
224 170 269 238
296 175 210 280 249 186 253
231 178 243 184 218 189
194 201 268 244 215 216 279 221 222
272 245 247

