0 4 8 13 14 24 286 160 162 35 295 40 44 175 197 70 201 207 209 211 85 97 100 103 255
1 130 3 10 11 12 268 20 22 26 27 29 30 31 32 50 178 60 69 210 87 91 224 226 110 244
2 6 71 104 9 168 139 234 45 109 15 236 272 18 149 23 62
128 259 5 7 16 19 147 155 283 284 169 171 47 179 186 64 192 76 217 90 99 233 248
131 17 154 290 167 43 46 51 59 65 66 195 73 74 81 94 95 242 117 246 247 249
36 102 231 105 138 266 48 80 274 148 21
34 68 293 232 41 297 108 142 144 49 113 25 28
279 153 33 163 37 39 183 61 63 67 200 202 203 78 79 208 82 86 223 101 243 120 254
185 38 262 136 42 106 174 114 146 212 53 54 55 56 57 251
257 133 135 145 157 158 287 176 52 181 58 84 214 89 220 221 225 235 240 124
196 72 137 140 273 151 156
194 258 164 291 166 292 75 111 83 116 121 122 187 92
129 98 289 132 107 77 173 237 241 275 180 125 119 88 190 93 184 191
96 288 228 229 198 205 115 182 126
256 170 172 141 206 269 112 118 278 280 250 253 159
260 296 270 123 222
265 298 239 150 215 281 282 252 189 127
161 245 134 143
193 261 204 238 276 152 188
227 165 199 177 213 277 216 219
218 285 230
294 263 264 299 267
271

