0 1 2 6 262 10 13 21 26 36 176 52 65 78 82 210 211 85 221 96 98 99 121 252
256 3 5 7 149 277 281 31 33 35 163 39 40 169 44 47 57 64 77 218 102 115 117 120 124
130 4 132 8 136 265 12 15 144 23 24 32 53 192 68 71 205 209 84 116
129 131 9 147 20 25 27 28 34 45 48 49 51 54 61 193 67 223 235 111
259 11 139 141 16 18 19 22 279 283 158 30 291 165 69 70 72 76 204 79 87 88 228 106 248 127
100 37 75 140 46 14 17 146 246 59 29
38 135 154 41 42 43 73 107 231 272 145 50 86 182 58 123 92
128 257 66 200 105 237 83 243 245 150 55 185
161 108 238 239 157 119 56 93 62 95
267 143 274 278 164 295 171 177 60 63 74 202 80 217 89 90 91 229 230 242 122 251 126
195 110 219 270 81 271 148 152 187 125 216
97 101 133 103 104 134 138 198 178 213 118 151 94
288 109 173 112 113 114 275 276 156 254 159
260 137 266 203 188
225 166 201 174 142 181 153
167 168 208 241 212 155
160 162 170 183 285
172 180 244 189 287
194 261 296 299 175 214 286 255
294 199 234 298 207 273 179 250
280 240 184 186 222
226 196 232 247 190
224 236 268 206 191
258 227 292 197 233 215
264 282 220 253
289 290 293 269 249
263
297 284

