0 131 132 7 273 23 27 30 293 47 179 53 74 81 82 97 105 234 108 248
1 3 6 263 8 138 14 18 24 284 287 160 33 39 51 194 76 77 80 92 95 100 112 241 115 246 122 253
128 2 4 5 260 11 20 149 22 25 28 29 157 31 32 285 35 45 173 174 54 59 62 79 88 228 117 121
161 162 58 294 9 75 16 48 17 49 245 118 26 61
135 10 139 12 13 269 15 146 19 155 156 169 65 78 215 89 227 103 116
67 36 69 166 71 40 235 44 46 143 21 55 217 90 91 222 191
130 145 277 159 34 37 38 168 42 177 50 52 181 56 57 73 209 87 96 226 106 247 124
68 164 102 72 41 43 239 178 210 243 216 153 154 123 94
133 134 140 147 175 180 60 189 63 64 66 70 202 206 83 84 211 229 237
258 101 201 299 172 141 236 271 114 85 86 184 254
129 165 249 231 232 233 261 266 268 111 272 213 120 185 93
98 163 200 204 151 250 188
99 267 109 142 110 176 113 280 158 223
289 104 136 170 107 144 119 283 125 286
224 225 257 295 205 274 150 252 126
290 195 196 199 265 297 212 183 279 127
167 137 214 152 220
148 190 255
192 298 171 207 182
256 193 288 292 208 186 219
291 198 275 244 278 281 187
259 197 264 251 221
203 240 242 276 218
282 230
270 238 262
296

