0 1 2 131 4 258 7 8 137 138 266 13 147 23 28 156 31 39 297 171 45 173 77 212 86 97 235 112 113 243 248
89 34 3 67 5 6 196 9 42 11 233 109 270 50 183 25 247
136 10 12 272 22 26 284 32 175 184 65 68 70 80 83 94 228 237 118 246 127
14 15 16 18 19 20 148 152 27 161 165 41 46 182 57 76 82 91 222 224 104 240
133 17 146 150 24 282 30 288 35 291 37 38 40 47 49 51 54 58 60 66 73 202 95 225 101 239 115 244 120 121
21 154 287 290 163 36 168 43 53 186 190 63 198 199 200 93 227 108 249
256 259 260 268 155 285 29 166 296 169 44 179 52 181 72 85 87 218 90 116
33 100 71 295 74 251 209 180 56 59 62
192 129 99 197 229 232 75 78 79 48 238 114 241 84 276 55 153 219
64 162 195 292 69 103 167 140 174 81 273 125 213 123 61 158
96 226 164 135 110 143 207 275 88 281 122 187 220
262 139 142 144 289 298 299 177 189 194 203 210 217 92 231 242 117 250 126
257 98 130 264 106 107 111 176 208 178 149 124 223
128 132 102 141 145 119 151 157
160 193 134 105 269 185 188 253
170 267 172 205 271 211 280 159
206 274 245 214 215 252 221 191
261 230 201 234 204 236 277 254 255
294 263 216 283 286
265
293 278
279

