0 1 2 3 7 10 12 151 26 27 28 29 35 36 37 39 47 57 185 192 73 76 87 124 255
4 5 262 8 9 15 144 17 19 20 21 149 284 157 31 34 40 42 43 82 217 93 227 100 236 251
6 13 14 141 18 22 23 283 30 290 49 51 183 58 83 215 88 105 119 120
128 137 11 16 24 153 25 154 32 33 177 50 178 52 180 187 66 199 81 84 108 116 121
193 132 292 38 198 230 41 171 46 248 92 61 158
260 265 142 274 150 281 298 299 44 45 176 64 206 85 90 95 106 235 110 246 127
269 271 145 282 161 293 48 179 53 55 67 69 71 201 79 86 91 224 111 240 245
256 194 163 102 103 166 169 74 204 238 270 54 59 220 253
134 264 147 275 160 165 294 296 56 186 60 190 75 203 218 97 98 229 232 234 237 114 117
99 68 133 70 136 268 77 173 80 115 148 278 279 250 123 222 62 63
65 226 258 231 209 113 243 213 122
72 104 168 107 267 109 78 112 208 152 89 189 287
96 257 130 131 101 200 205 241 210 212 184 94 191
162 197 172 174 254 276 118 214 219 252 126
129 228 170 139 244 155 125
259 196 164 135 263 266 146 247 280 286 159
195 233 138 175 272 156 242 216 188
288 167 202 140 143 207 211 181 182 277 285 223
225 289 261 295 239 273 249 221
291
297

