0 1 2 3 4 9 139 270 274 151 152 25 155 284 40 48 49 181 198 202 77 80 208 211 85 89 217 91 120 121 251 124
5 6 10 140 15 271 18 150 30 31 163 39 167 172 62 64 216 99 102 109 242 247 123 255
32 37 69 7 8 59 135 137 262 14 144 17 272 20 27 28
66 35 68 260 38 298 11 12 206 16 145 157 23 218 125
13 143 19 153 34 36 179 53 54 195 199 76 207 83 87 88 223 98 238 244
129 133 261 142 275 21 22 26 288 33 164 178 184 187 63 204 212 90 94 227 233 237 114 249
103 73 42 43 44 268 46 175 146 180 215 24 57 92 29 254
131 166 263 200 41 265 203 297 173 112 240 51 248 58 159
162 197 134 168 138 45 47 176 113 50 210 52 239 86 252 60
160 169 236 205 79 84 182 55 156 61 126 127
96 65 161 67 101 230 71 232 106 235 110 174 246 56
97 257 165 70 72 104 75 78 81 82 243 278 186
132 74 107 108 171 282 115 214 122 158
192 258 100 294 264 201 141 117 118 183 185 188 93
193 130 194 196 291 234 241 119 283 189 95
128 256 229 293 136 105
289 226 292 281 231 296 170 299 111 177 209 116 253 154 221 190
147 148 213 149 222 191
219 220 277
224 273 250 228
225 259 267 269 279
266 285 245 286
276 295
280
287
290

