0 1 248 3 67 5 135 104 9 202 207 116 148 24 153 59 252 255
2 131 6 262 10 12 15 16 144 277 22 282 155 158 159 165 38 170 43 179 55 60 73 203 83 212 218 232 118 121 125
258 4 133 7 8 11 139 13 146 147 20 154 28 31 162 35 36 163 297 50 54 58 62 199 74 86 227 100 112 113 117 249 123
132 141 14 272 17 18 19 21 26 164 37 166 39 171 174 176 52 185 76 78 221 107 238 120
32 289 34 169 79 143 81 240 150 23 152 90 30
167 105 140 187 111 48 49 210 115 239 214 215 184 25 27 188
96 33 66 161 194 225 40 233 236 109 80 93 119 151 219 92 29 63
191 70 41 106 137 44 265 46 270 208 51 181 157 61 190 95
65 101 102 293 42 268 45 269 145 84 180 87 56
64 97 98 160 256 69 134 71 198 110 47 175 275 53 57 286
130 136 138 156 172 173 178 183 193 68 72 75 209 85 88 89 91 103 235 108 237 122 127
288 99 168 266 77 142 205 271 177 82 114 220 242 124 253 94
128 129 201 204 241 149 182 213 126
259 260 197 294 211 186
192 195 278 189 222
226 196 292 230 299 274 245 281 285 254
200 276
224 290 206 273 243 284
257 291 228 234 216 217 251
264 231 223
261 229 296 244 247
280 267 246 263
250
295 298 279 283 287

