0 2 3 260 5 9 11 140 13 16 18 29 158 37 172 46 54 59 61 62 71 78 88 92 118 122 251
128 1 129 257 4 6 15 291 295 169 55 56 208 85 104 232 107 113 115 250 252
132 7 8 10 12 14 271 147 21 39 44 48 57 67 103 108 110 238 114 119
136 17 23 24 152 27 284 30 32 164 177 73 76 77 87 216 217 234 117 120
19 149 22 25 26 33 167 40 43 185 58 197 213 86 220 223 97 101 237 112 116 244 123
130 262 141 142 20 28 31 34 36 41 170 187 66 68 69 74 210 83 84 214 99 109 255
65 161 35 42 139 204 270 143 144 240 50 52 157 156 125 190 159
98 195 100 38 298 45 47 175 178 89 282 60 189
227 201 297 155 206 80 49 81 51 209 53 274 183 275 91 286 95
224 225 288 292 70 231 75 280 283 63
64 96 192 102 72 296 299 268 173 79 82 212 181 150 221 154 93
90 226 196 111
289 165 106 202 203 236 124 94 191
258 131 290 261 166 105 171 272 243 148 219 126
135 199 138 239 145 245 182 184 121 218 222 127
162 163 133 168 137 264 146 180
160 193 194 259 134 200 241 179 211 278 281 188 253 287
228 198 242 151 153 254
263 205 174 207 176 277 215 186 285
266 269 229
294 267 230 246
233
256 235 273 276 247
248
249
265 293 279

