0 226 258 100 5 122 230 8 41 137 11 233 13 83 21 26 92 125
1 2 3 263 9 10 144 20 24 25 29 163 292 44 176 49 54 183 61 202 216 97 127
4 6 7 14 15 148 22 158 31 297 46 174 51 190 64 65 66 196 208 231 109 110 120
129 131 134 265 12 16 19 281 27 283 36 37 166 52 56 60 62 63 67 71 214 224 225 228 243 116 123
138 17 273 275 23 280 28 30 34 35 164 294 39 167 43 47 55 184 189 198 77 88 90 218 95 117 246 119 248 121
160 256 101 165 199 72 42 106 139 45 235 79 143 18 147 212 86 279
262 267 150 32 40 48 50 179 59 68 197 201 203 80 82 213 223 96 111
33 130 99 161 38 264 105 282 78 113 145 87 57 250 155 253 286
132 170 237 206 270 112 84 53 58 93
98 259 69 70 133 135 73 108 271 241 115 185 156
290 229 74 171 173 238 81 211 181 151 89 287
128 289 227 295 104 75 76 276 118 217 154 159
192 162 195 103 136 200 298 268 142 274 85 149 247 153 219 124 222 94
102 168 107 236 114 215 152 249 186 91 220 126
261 266 204 140 141 207 252 278 188 157
175 146 210 242 244 187 191
291 260 169 234 299 172 240 177 245 277 285
178 284 182
288 293 232 209 180
193 194 221
269 205 255
272 296 239
257 251 254

