0 2 3 5 138 11 12 13 14 272 20 148 35 291 42 46 181 54 57 80 208 87 215 89 118 120 253 127
128 1 257 132 133 144 278 153 159 160 33 40 171 58 191 66 73 203 92 221 96 97 98 225 101 230 107 111 112 241 114
4 136 10 141 16 18 24 155 31 36 37 165 298 53 185 187 188 189 64 68 69 72 77 79 90 91 224 228 232 250 108 243 244 122
256 258 259 6 7 8 134 263 146 274 149 26 289 292 168 49 184 199 84 85 217 226 104 123
9 270 15 143 275 21 154 28 163 175 50 51 180 61 62 192 67 71 74 76 213 95 102 234 109 110 240 119
260 140 17 151 29 158 290 167 296 176 177 52 182 183 56 207 219 235 117 246 248 121 126
129 137 19 22 150 287 32 162 164 38 41 170 43 45 48 59 60 190 197 198 212 220 105 106 116 249
131 135 266 268 271 145 23 152 281 39 297 299 172 47 179 63 196 209 218 222 100 231 125
288 65 130 103 265 75 44 81 113 147 273 25 186 27 30 223
193 34 194 70 166 139 173 174 205 206 82 83 178 86 55 94
161 227 169 201 142 78 88 252
99 264 202 279 238 124 115 284 157 214 216 156 93 254
195 261 200 233 236 242 282 285
267 251 204 277
210 211 237
229 262 294 295 269 239 245 247 280 283 255
276
293 286

