0 1 2 3 5 21 155 286 159 164 37 38 39 168 44 45 46 178 55 58 60 69 73 74 78 208 90 101 104 110 114 255
129 67 4 6 71 8 11 108 14 239 145 18 24 56 187 28
97 131 7 10 140 77 16 20 22 247 185 219 92 127
128 259 132 134 9 137 15 152 171 173 48 52 54 184 64 192 83 84 226 227 102 106 113 254
12 13 141 142 144 269 280 25 154 31 33 36 293 170 47 49 177 66 203 76 213 222 223 98 229 105 109 237 123
225 100 72 42 17 50 19 82 53 85 23 115 94 147 278 209 61 30
34 99 249 135 232 201 43 267 279 299 151 89 26 27 124 29
32 130 68 70 40 41 79 80 112 146 117 87 120 57 59 125 63
133 138 149 161 35 167 295 296 176 51 181 182 188 62 191 65 200 75 86 91 93 250 116 121 122
96 257 162 194 288 197 166 263 107 111 81 243 153
165 103 204 212 215 88 157 95
258 196 272 242 277 118 158 284 126
224 136 172 206 211 119
291 230 234 139 180 244 150 216
160 163 233 205 175 143 207 210 179 148 285 251 189
193 290 260 198 202 174 214 183 217 186 156 190 287
256 195 169 265 298 248
294 231 199 235 238 241
292 282 220 276 218 283 252 221
228
289 266 236 274 275
261 262 297 270 240 273
253 245
246 271
264 281 268

