0 128 133 6 9 10 266 12 147 21 279 152 280 28 34 39 169 43 48 50 57 60 69 210 92 99 105 234 115 120
256 1 262 136 14 15 16 17 18 144 20 22 23 24 150 154 29 289 163 38 42 59 64 68 70 72 74 76 211 213 221 100 101 233 109 117 121
2 3 4 5 7 8 11 13 19 148 276 151 25 153 30 32 36 37 45 46 47 173 49 58 62 65 71 204 83 85 86 88 98 110 114 245 119
139 268 26 27 156 31 159 33 35 40 41 44 53 54 61 75 78 91 107 108 238 127
66 229 230 104 106 141 142 174 208 51 52 181 55 56 90 219 94 63
290 67 134 231 264 73 218 77 247 122 124 157 158 223
96 130 131 132 137 138 140 269 206 79 175 239 146 116 87
161 291 260 165 294 103 135 80 113 82 179 244 125 118 283 93 95
97 129 225 228 295 232 170 155 111 112 81 176 272 212 217 123 126
162 185 164 292 102 199 270 84 149 89 250 191
196 168 298 203 236 143 145 243 277 222
160 166 172 178 248 254
227 197 167 202 171
257 299 177 180 282 220 286
182 215 281 186 253
263 207 209 278 183 187 190
258 259 271 275 246 184 188
224 193 194 261 198 201 265 241 273 274 252 189 287
192 226 195 200 296 285
288 205 240 214 249
216 251 255
267 235 237 242 284
297 293

