0 129 3 4 5 9 10 11 142 17 154 32 33 160 36 293 166 46 48 185 187 63 66 68 76 212 90 108 116
1 65 131 261 39 169 14 143 21 53 149 88 25 26 155 28 277
257 2 6 7 8 135 12 13 18 150 279 24 31 287 292 37 38 296 44 45 57 69 200 202 87 91 95 230 105 241
228 101 70 71 72 15 16 208 50 84 180 156 29 127
128 260 134 139 145 19 20 276 22 280 27 30 35 75 78 215 93 97 102 236 114 117 121 252
136 268 23 34 162 167 54 196 203 77 79 80 85 86 222 98 103 231 232 110 250
256 165 40 233 43 49 179 52 157 246 216 219 61
192 130 226 258 197 41 140 237 175 81 275 182 282 125
96 290 164 42 106 298 47 146 51 214 55 151 59 253 62
100 137 201 171 109 238 112 113 243 118 119 56 153 58
161 99 132 299 204 190 92 209 82 147 242 181 278 120 89 60 94 255
64 193 194 67 133 199 104 73 107 267 173 269 240 273 122 159
263 168 265 74 170 172 141 111 177 83 148 244 152 281 285 158
138 207 144 271 178 115 186 251 188 126
163 176 183 184 123 124 191
224 198 262 295 266 174 210 217
213 189
289 195 291 239 272 274 220
225 234 205 211 221 254
229 297 206 249 218 223
227
259 264 288 235
245
248 283 286 247
270
284
294

