0 7 8 264 11 12 141 15 147 24 26 27 157 173 175 49 54 184 62 63 64 66 208 99 108
256 1 3 4 5 134 10 17 20 277 278 23 280 25 156 36 166 294 44 50 76 78 207 210 103 235 236 124 254
2 34 100 163 6 260 297 109 46 47 18 22 214 246 282 59 285
133 135 9 13 16 28 29 30 32 48 52 53 58 61 69 204 87 88 215 231 242 120
96 224 35 131 196 38 43 172 14 112 177 114 209 116 149 249 189 95
89 257 199 40 295 296 45 142 206 145 146 19 51 21 118 182 57 253
132 265 271 31 33 180 55 56 60 191 70 73 75 77 82 85 91 221 227 238 250 123
151 155 288 292 37 42 171 179 192 65 203 80 213 216 90 92 97 226 101 237 117 247 121 252
130 263 136 138 140 150 39 41 178 71 72 201 74 79 81 83 86 220 104 233 107 110 241 122 255
161 67 68 281 137 266 239 144 148 185 287
194 164 202 234 299 272 115 84 94 218 93 158 286
162 98 228 261 105 169 267 205 176 113 183 188
128 225 223 197 102 200 106 139 222 248 217 187 125 126 127
129 258 289 143 111 119 152
291 170 153 154 219 159
160 198 167 262 268 240 186
290 165 174 273 211 244 212 245
193 195 168 232 283 243 275 181 251 284 190
293 229 298 270 276
259 230
274 269 279

