0 1 2 4 5 134 266 12 14 15 142 270 279 25 156 34 37 39 182 190 67 196 79 81 211 220 95 105 253
3 261 6 10 11 139 13 141 271 277 29 161 162 292 169 56 189 69 197 84 86 218 92 102 108 238 118 249
229 230 7 199 9 138 188 212 23 28 158
8 17 18 145 20 285 43 174 175 179 54 66 195 68 208 224 100 119 120
35 164 293 59 75 44 155 203 205 16 49 178 207 21 121 90 27 255
19 152 31 32 289 165 168 55 185 58 191 192 202 77 82 232 233 247 123 125
132 263 274 22 150 26 33 291 40 186 61 74 216 219 221 227 106 110 112 127
272 147 24 153 30 160 38 42 170 173 60 63 65 73 204 209 87 94 101 237 241 114 117 122
89 226 290 36 228 41 107 45 242 51 85 57 91 62
137 265 140 148 149 154 282 283 159 298 46 48 181 183 194 70 80 83 215 217 222 103
97 129 171 78 47 143 144 177 180 53 126
64 280 259 260 71 72 136 231 76 50 52 88
96 256 98 99 131 294 104 113 248 281 93
257 109 111 146 115 116 214 151 187 124
128 163 167 135 295 176 210 244 213 157
130 133 198 166 206 275 251 287
200 172 276 184 223
288 193 225 258 264 201 267 236 239 273
234 254 262
235 269 240 252 284
268 243 246 278 250
297 245
296 299 286

