0 1 132 5 6 263 136 10 12 17 20 276 154 282 290 297 42 55 185 74 85 215 227
2 3 35 130 229 7 75 203 15 175 18 279 29 126
32 225 280 291 4 101 71 299 108 13 205 48 242 54 248 28 93 254
191 164 228 39 8 199 234 50 148 92 31
65 193 168 9 200 202 235 77 296 144 113 177 241 23 155 286 30 255
128 11 78 19 119 245 86 87 153 122
33 34 129 37 109 14 240 52 84 150 180 249 58 220 61 62
292 133 134 103 232 269 174 16 208 212 57 26 27 60 190 63
137 21 22 149 24 25 38 167 43 173 46 64 68 72 91 98 226 120 125
66 99 36 100 105 47 117 182 88 94
131 260 294 295 40 265 106 138 298 142 49 114 51 115 186 59
224 196 102 41 233 107 45 80 146 278 121 189 127
96 69 169 139 44 76 270 176 82 53 183 56 90 157 95
266 268 141 271 272 273 151 281 287 289 165 178 194 67 73 210 83 97 104 246 123
166 70 231 79 112 211 181
163 198 238 81 89 218 223
172 110 179 116 124 222 159
162 264 140 111 274 243
160 161 135 201 207 118 184 250 188 221
256 293 230 170 267 143 244 214 217 156
288 171 145 213 187 285 158
192 258 197 237 147 275 277 152
216 195 219 247
204 239 209 283 252 253
259 251 206
257 236
261 262
284

