0 3 7 137 10 11 139 268 146 19 21 278 25 284 30 31 33 39 46 57 60 62 69 206 213 231 108 112 241 115 125
1 2 6 12 142 18 27 28 158 288 35 36 38 43 45 49 51 52 78 214 91 95 223 113 116
256 4 5 9 14 17 276 280 154 286 41 42 44 178 59 61 64 204 81 210 85 88 220 94 228 102 107 109
135 8 72 199 234 296 298 16 83 20 117 244 24 249 157 184
133 134 261 13 15 144 148 23 151 279 155 29 285 32 34 47 53 185 201 75 96 100 103 247 126
131 263 22 153 26 156 292 37 48 180 55 67 197 77 80 87 89 93 114
136 160 161 290 165 40 50 54 56 189 63 68 70 73 76 208 82 92 229 230 104 232
65 66 227 132 166 168 297 203 149 181 152 58 188 190
193 196 71 299 237 174 110 274 211 118 120
257 259 138 140 145 163 294 187 198 200 74 209 215 98 99 226 101 240 248 255
164 262 105 141 238 79 271 272 243 150 86 246 281 250 191
225 162 130 202 235 84 222
287 122 106 269 111 275 90 283 127
192 97 194 169 171 267 253
128 258 172 143 176 147 182 119 219
129 195 264 218 265 270 207 239 177 251 179 183 216 121 186 123 124 254
167 295 173 282 159
289 293 233 170 236 175 242 217 221
224 273 212 205
277 260 245
266 291 252

