0 1 98 129 160 256 9 266 107 13 144 241 82 53 151 217
97 2 67 294 263 296 299 45 237 79 114 212 213 246 186 91
3 6 265 12 14 143 22 23 24 282 33 35 39 48 49 58 62 65 66 201 208 95 223
34 4 261 102 200 43 140 268 15 211 180 21 88 249 251 120 152 31
130 5 135 8 138 11 139 271 284 36 60 61 70 222 104 238 244 117 118
32 64 121 131 133 7 42 108 175 51 25 155 157 286
137 10 16 275 20 26 29 30 166 170 176 54 184 191 197 203 220 93 101 234 111 113 243 122 252
17 19 148 159 287 291 164 37 165 168 44 47 178 52 189 193 77 221 125 127
192 226 132 72 41 250 109 46 18 83 147 214 56 126 28 94
260 280 27 161 292 295 40 177 50 57 59 195 209 87 96 224 236 119 254
145 277 278 156 285 158 38 167 174 185 187 63 74 100 103 231 105 110 112 242 116
288 228 199 73 233 235 205 142 124 283 181 55 248 89 218 123 92
225 99 68 69 163 196 229 298 78 239 84 276 215 90
230 71 264 202 76 80 81 115 86 216 153 154 219 253
194 258 290 106 171 75 173 272 210 85 245
128 162 259 169 172 141 206 207 240 255
198 134 232 262 297 269 274 150 183 190
136 270 146 179 149 182 247 188
257 227 204 281
273 267 289
293 279

