0 1 32 128 263 73 74 12 77 47 16 17 48 49 242 271 150 287
2 5 6 133 10 20 21 25 284 43 56 188 60 64 69 70 198 210 98 118 255
256 3 4 7 11 13 18 22 285 159 34 35 169 46 177 53 61 63 82 84 111 112
33 66 8 9 106 107 268 299 15 79 50 244 157 24 187 93 94
257 68 172 14 143 176 81 272 19 83 211 54 57 29 30 31
262 138 148 278 23 156 36 38 39 58 62 67 197 71 200 75 87 217 91 113 250 123 124 254
137 265 140 149 26 290 297 170 44 175 55 185 59 199 80 209 88 228 104 233 236 120 121 126
161 130 162 195 165 223 135 289 296 42 203 110 275 186 27 28 191
37 294 103 72 41 136 168 45 146 181 182 247 122 286 221 190 95
131 134 267 141 142 145 276 279 152 40 171 52 180 65 194 201 78 216 89 97 99 116 249
193 225 226 100 293 105 76 108 237 178 51 151 281 92 189
160 280 291 164 102 218 266 109 114 243 85 213 246 277 90 252 127
96 129 224 288 101 202 269 239 273 86
166 139 270 115 179 117 251 125
248 227 231 207 144 147 119 184 155
132 229 292 167 234 204 173 206 183 154
163 264 174 241 212 214 153 158
192 282 259 222
232 196 253 295
261 230 235 205 238 208 219
274 220 260 215
240 298
258 283 245

