0 1 2 3 4 6 7 8 9 16 17 19 20 25 27 159 162 41 297 46 174 48 185 188 250
129 131 5 12 14 274 275 22 154 26 28 163 177 182 59 62 213 220 236 115
262 10 145 29 31 34 164 38 43 172 45 53 57 60 72 86 93 226 101
128 259 261 134 263 11 142 15 18 21 279 155 32 295 40 51 52 55 61 65 79 81 219 235 112 118
267 13 141 147 24 152 157 35 42 49 50 58 64 200 205 90 91 227 231 244
257 258 133 268 23 33 165 39 47 181 54 191 196 73 74 214 87 94 234 246
140 151 30 290 36 37 299 56 63 66 70 203 76 204 78 84 85 215 113 243 127
248 98 99 293 232 44 173 110 111 180 88 92 254 255
160 225 67 249 71 104 201 264 108 109 209 82 178 278 89 122 285
192 97 68 69 136 139 269 270 175 156 253 287
288 161 135 296 137 106 75 218 121 186
96 194 100 228 102 166 138 170 77 239 80 114 83 276 150 284 223
265 107 143 176 240 183 216 187 95
130 103 190 207 273 116 148 282 124 126 286
198 199 105 146 179 117 149 119 184
195 229 197 266 212 120 252
280 132 260 247 169 144 189 221 153 123 125
193 233 271 208 272 210 217 251 158
168 171 167
291 292 202 206 277 245
211 237 222 238
224 256 230 281 283
241 242 298
289 294

