0 1 133 138 12 140 16 146 20 21 158 163 36 45 56 57 184 59 188 195 201 211 88 91 228 102 244
2 3 4 263 9 10 13 14 19 276 28 29 30 38 296 196 77 84 96 97 115
32 33 224 99 68 5 8 104 81 18 242 182 25 154 127 189 63
129 6 7 11 139 268 144 31 37 39 167 44 50 51 52 54 58 61 190 69 204 78 206 89
160 227 122 71 134 233 46 47 15 111 175 53 279 90 219 157 159
262 135 142 17 149 22 23 24 34 168 66 67 197 72 74 75 79 82 93 94 98 245 123
226 198 137 42 270 207 48 119 86 55 87 26 155
256 260 267 143 274 150 27 286 35 41 43 179 191 65 70 73 76 220 101 105 234 114 252 120 124
130 185 199 40 264 106 295 173 208 113 180 213 215 153 251 255
291 100 217 174 272 49 147 85 121 60
290 292 165 166 261 298 236 109 110 112 177 273 83 282 187 92 62
64 280 131 287 218 266 237 80 275 148 118 151 246 186 253 95
248 161 103 136 271 176 210 152 283 284 221 126
192 164 202 107 108 171 172 203 269 116 183
128 132 200 232 239 117 277 125
293 231 169 205 141 238 212 216 156 285
193 162 194 170 235 145 209 181 247
225 178 243 222
230 294 265 241 214 281 254
229 223
257 258 259 299 240 249
288 250 278
289
297

