0 1 2 129 4 133 261 7 8 9 10 137 20 21 149 24 25 282 29 157 159 37 39 178 61 62 192 72 205 88 96 115
3 132 5 6 12 272 279 26 28 156 33 35 163 166 40 44 174 53 60 63 191 73 75 211 215 97 232 111 243 123 127
11 15 16 17 18 19 22 23 283 30 36 165 38 47 177 182 77 82 84 223 230 246
128 260 262 13 14 141 27 285 31 34 168 297 298 299 48 50 52 64 68 85 217 222 95 239 117
268 281 32 288 43 51 184 188 194 79 81 229 105 106 107 234 241 114 242
130 41 266 148 56 89 250 92 152 216
256 98 67 102 135 186 42 76 155 175 113 145 55 58 59 125 287
136 140 151 289 171 172 45 46 49 179 69 70 202 80 91 220 100 109 121
263 138 139 270 146 277 294 169 176 54 65 193 83 90 93 101 231 110 112 244
160 66 259 134 71 74 108 78 144 208 120 57 284 94
225 167 103 238 86 119 126 255
196 267 204 143 87 218
224 161 99 200 265 236 276 181 219 124
162 164 199 104 170 203 147 116 245 150 122 158
228 142 206 274 212 118 214 278 185 154 187
131 292 173 209 180 247 252 253 286
257 226 227 197 198 210 183 280 153
248 291 201 275 213 221 189 190
195 271 273 249 254
264 269 237 207 240
290 293 233 235 251
296 258 295

