0 7 11 273 276 161 162 289 36 290 166 170 44 53 57 188 73 81 87 226 117 127
1 2 3 4 132 6 259 8 262 265 140 14 271 21 23 283 29 165 168 41 176 56 61 79 219 225 227 101 102 237
5 263 10 142 17 155 292 37 172 182 183 198 75 209 83 84 93 106 119
128 9 137 139 12 16 274 20 148 22 150 27 156 284 35 164 294 167 54 186 197 74 202 204 210 213 214 92 94 223 103 235 112 241 242 243 244 249
13 15 24 26 157 30 159 160 38 296 45 50 185 190 66 67 196 200 203 206 82 88 89 95 104 107 116
129 130 18 19 146 282 28 158 32 40 43 171 49 178 184 62 69 71 72 90 228 109 239 124
97 33 257 291 136 264 138 208 145 177 240 52 25 58 251 252 189
143 151 152 281 285 31 34 39 42 46 47 175 51 59 63 65 78 113 122
131 269 270 153 287 48 55 60 64 192 68 77 212 85 86 96 224 234 110 115 121 255
193 194 195 100 260 70 299 174 80 149 245 154
248 98 163 105 169 201 76 233 266 111 298 147 275 120 91 220 222
99 134 135 199 141 180 254
133 229 231 293 297 267 108 205 144 272 211 181 247 250 126
261 173 238 114 277 118 215
288 280 258 295 232 123 268 179 246 278 221 187 125 286 191
256 230 236 207 217 218
216 253
279

