0 131 4 262 7 13 269 17 277 22 23 152 26 27 36 294 49 181 64 200 77 212 224 105 233 112 249 123
1 257 3 5 6 8 139 140 145 19 289 67 73 78 83 84 213 91 100 103 104
256 2 138 14 21 149 25 281 283 32 34 35 165 39 170 179 87 219 93 96 235 238 114 246 247 255
264 9 266 12 16 279 157 38 298 43 51 54 58 59 60 189 71 202 75 80 210 86 217 220 223 97 229 109 118 120 121 122
136 10 11 274 275 24 284 29 158 163 164 45 52 204 82 89 231 110 240 113
130 267 15 20 154 31 41 297 171 44 176 50 180 182 63 79 85 215 216 251
142 271 144 18 288 161 37 42 48 55 57 186 192 194 70 72 209 211 88 218 226 227 107 115 253 125 127
33 98 133 134 263 40 169 295 76 173 81 146 116 245 56 28 285 126
258 151 30 159 162 167 168 46 47 178 188 190 69 197 198 106 234 237 124
129 132 260 143 160 292 299 175 53 61 62 66 196 203 206 95 228 102 243
128 261 135 137 268 153 155 156 291 293 187 191 65 195 68 74 99 101 108 241 117 119
166 199 111 207 177 147 276 183 185 90 92 94
259 201 265 141 174 242 148 287
232 172 205 208 244 150 254 278 250 222
193 225 280 239 214 184
230 236 272 248 252 221 286
282 290 270
273
296

