0 32 65 3 5 10 44 45 78 205 209 115 179 22 255
1 2 6 7 9 12 16 17 23 153 30 160 34 164 38 48 50 185 71 103
130 4 8 18 20 21 148 24 284 171 51 52 181 188 61 64 200 201 76 79 87 233 234 237 111 124
224 98 67 195 72 73 106 11 232 141 267 112 178 19 83 242 58
256 129 193 131 69 40 105 137 13 113 114 116 85 54 152 25 127
96 33 163 36 70 247 91 139 14 49 273 119 248 57 154 27 222 63
15 281 26 155 156 285 31 161 35 291 39 169 43 47 198 94 228 109 122 123 125
162 135 167 266 75 204 77 142 243 180 53 86 280 28
66 99 68 165 104 136 42 296 187 175 55 88 59 29 190
192 37 41 74 138 143 144 84 149 56 283 93 62
97 260 133 197 202 107 172 46 207 81 177 210 89 126
294 265 108 208 147 118 90 251 60 158
271 151 289 166 168 170 183 186 191 196 80 82 218 92 100 101 102 236 110 120 121
159 223 134 264 240 211 117 150 182 157 286 95
128 140 174 270 250
132 292 276 212 244
288 226 287 272 145 184 216
290 227 229 146 277
231 199 299 173 206 269 176 252 253
194 258 215 249 220 189
203 246
241 298 213 245
225 257 261 293 235 239 214 278 279
217 238
259 219
221 262
297 295 230 254
275 263
274 268
282

