0 1 6 7 8 11 13 14 16 277 288 290 41 43 48 50 52 54 55 184 59 63 66 198 73 75 76 212 88 230 241 118 123 253
2 3 4 132 133 10 141 271 149 278 28 284 36 39 57 62 70 203 80 208 209 217 92 99 103 231 105 108
258 5 9 17 275 22 23 24 279 26 30 161 34 35 167 40 169 47 53 65 68 196 72 82 222 97 101 102 106 116 246 120
67 38 42 91 12 44 172 204 251 19 20 61 25 90 27 29 254 31
259 137 15 18 21 150 151 37 165 45 46 173 71 78 85 223 225 114 115 250
32 33 162 164 188 51 84 147 180 220 56 122 156 125 287
64 129 131 100 69 134 264 218 202 171 234 174 144 49 244 183 121 58
96 229 77 142 111 143 273 148 181 245 215 89 187 60 190
98 136 74 235 109 79 210 213 86 214 152 158 95
195 296 139 239 81 145 83 146 182 87 216 93
128 185 135 104 138 107 170 299 112 240 178 179 272 221 94 285 157 126
160 227 291 197 293 266 140 237 110 175 113 242 211 117 119 283 124
194 130 262 199 233 247 127 159
224 256 226 228 294 168 176 153 255
163 292 154 232 201 236 177 186 219
280 297 268 238 243 248 155 252 189
289 166 200 298 267 205 249 191
192 193 295 263
265 270 206 207 276
257 260 269 274 282
281 261 286

