0 1 9 12 145 21 149 24 286 32 52 181 55 62 195 71 202 205 89 222 224 226 100 230 105 246
2 130 261 6 136 10 11 13 14 18 148 161 291 43 45 173 175 48 53 183 60 66 67 196 70 103 235 112 123
3 4 5 279 280 31 33 35 40 41 44 180 182 59 65 74 86 220 236 237 111
129 7 8 19 157 158 159 287 42 171 49 57 186 61 78 81 84 93 102 108 118 121 253
131 15 16 20 22 29 37 38 39 64 69 87 95 228 106 107 116 249 126
257 17 277 23 152 27 28 285 30 36 172 47 51 56 187 191 76 204 83 218 96 104 115
289 258 101 296 75 77 109 79 174 50 245 54 25 26
160 34 58 134 198 46 270 82 179 213 185 90 91 92
128 193 256 99 263 72 201 141 80 242 282 188 63 127
68 262 135 73 140 113 147 85 281 125
294 264 265 234 266 238 208 273 243 151 88 217 94
97 98 133 232 139 203 142 251 114 146 244 119 247 156
162 199 297 110 252 278 153 124 190 223
288 231 298 239 211 275 117 120 189
163 154 168 269 210 212 150 122 221
227 132 260 137 143 178 215 283 254
165 166 169 138 271 144 176 219
177 155 293
290 164 167 200 170 206 274 276
272 241 184 284 255
192 225 194 259 197 295 299
229 233 207 209 214
216 240 250
248 267 268 292

