0 130 259 6 137 266 12 13 14 272 18 24 283 31 38 166 48 178 183 62 63 67 72 95 227 230 238 122
1 2 7 269 17 275 152 25 26 32 51 184 186 61 79 82 84 92 221 98 248 123 124
3 4 8 264 143 19 20 22 29 287 161 46 58 202 77 78 219 106 111 241 114 254 126
129 5 263 10 11 267 268 21 30 36 298 43 47 55 59 190 66 88 220 94 249
9 138 15 154 160 33 44 49 52 54 56 187 68 196 199 207 81 214 87 215 99 228 103 112 118 121
35 102 39 40 45 141 173 16 270 115 182 57 282 60
128 23 27 158 34 292 37 172 64 192 69 209 85 213 225 100 235 119 120
224 65 164 133 294 168 41 42 73 75 171 83 181 86 89 251 28 253
131 132 229 293 231 170 107 76 205 145 50 273 53 149 218 285 191
165 70 71 104 174 116 117 148 157 91 93
96 260 200 74 239 212
288 97 290 167 271 80 177 208 243 180 274 153 127
198 136 139 108 110 144 150 280 185 90 156
163 101 134 169 244 279
193 194 105 201 297 109 113 146 211 246 247 125 159
226 195 135 237 210 216 281 155 222 286
232 203 140 142 179 250 188 189
257 162 261 197 147 277 278
206 151 217 252 223
258 296 175 176 245 255
289 234 204 276
233 242 265
256 291 236
240 262 295
299 284

