0 6 11 14 15 142 22 25 284 292 182 58 62 63 193 207 214 104 105 109 239 113 114 247 126
1 2 4 16 21 153 281 167 42 44 57 68 69 73 77 88 102 235 237 120
3 5 133 9 10 266 12 18 19 276 280 158 162 45 59 191 198 78 85 94 98 228 101 229 119
256 131 7 8 136 268 145 26 155 27 283 33 35 294 49 54 61 216 231 107 108 238 111 241 248
132 261 264 13 154 156 157 28 32 37 296 43 177 50 55 184 65 66 196 210 83 87 215 220 97 106 244 250 125
263 17 24 29 31 290 38 39 46 47 56 188 197 74 212 86 100 233 112 243 122
160 165 297 138 80 178 147 20 53 52 23 245 185 278 92 190 286
30 159 36 40 170 171 299 51 64 192 67 72 75 213 89 91 96 227 103 110 127
258 137 144 151 288 34 163 41 174 48 60 194 199 200 209 218 93 226 99 253
70 143 176 81 82 179 84 149 118 274 252 221
128 260 71 282 172 180 117 121 186 124 285 255
129 130 161 225 287 134 169 234 76 140 141 242 183 223
232 203 236 173 205 79 175 208 211 116 150 152 249 222
257 195 293 166 201 139 269 148 181 217 90 123 189
224 230 135 206 251 146 115 246 187 254 95
164 295 168 202 204 273
259 262 265 270 271 240 272 275 277 219
291 267 279
289
298

