0 3 263 11 270 15 16 150 28 36 42 50 58 64 67 207 82 210 222 226 229 106 109 120
256 1 2 4 6 8 9 13 155 31 37 41 48 49 181 187 65 79 81 83 102 107 244 117 122
5 135 12 17 18 149 25 44 45 174 177 57 63 66 71 80 85 215 97 100 119
32 34 227 262 7 40 169 74 231 77 47 176 19 115 54 60 30
192 129 103 10 51 52 21 116 245 56 185 190 159
264 14 142 147 22 24 27 164 38 298 43 62 68 70 72 206 87 224 110 241 118 121 123
267 145 20 23 26 157 29 286 33 161 35 165 39 46 175 178 53 55 218 93 126
171 204 141 237 240 212 278 59 158 127
162 69 170 139 108 143 146 84 189 88 89 91 124 61
98 196 168 73 138 200 76 111 112 271 276 152 285 253
96 167 233 75 78 243 86 90
258 99 131 133 292 232 265 140 113 182 214 92 254 191
130 194 104 137 269 183 153 221 94
160 230 235 205 242 179 180 280 250 219 95
288 193 101 198 296 105 172 239 275 277 246 248 125
128 290 132 197 134 166 260 234 203 299 238 144 209 114 282 252
195 136 148 247 216 281
163 173 273 213 284 151 217 186 156
225 289 259 261 188 279 184 154 220
294 199 295 208 272 249 283 287
228 293 201 202 236 274 223
211 268
251 255
257 266
291
297

