0 1 131 4 7 9 12 273 18 276 25 26 30 189 63 196 81 82 84 87 100 101 117 118 122 123
96 129 2 3 130 133 257 168 264 46 49 179 275 186 94 31
128 192 256 290 5 40 73 10 91 13 51 149 54 55 90 59
224 227 165 6 11 107 45 14 143 50 210 52 244 284 60 61
8 15 144 19 24 285 32 33 288 38 53 57 65 68 71 218 229 239 126
261 16 147 148 23 151 154 27 28 36 187 66 72 78 83 85 216 99 252
260 265 17 21 22 150 34 293 181 184 58 64 75 222 95 98 104 115 116 248 255
145 20 152 29 161 292 43 175 48 176 177 182 193 67 203 204 205 86 214 92 234 111 113
35 228 296 169 233 108 44 76 47 172 221 157 190
37 102 135 136 42 74 106 77 109 139 209 243 215 56 89 88 158
259 134 137 268 141 270 271 274 159 163 39 295 62 70 79 217 110 120 254 127
97 223 69 198 232 41 201 202 140 298 80 146 93 191
194 197 103 138 174 208 245 121 125
195 167 105 170 235 173 237 269 112 178 211 282 124
160 132 200 236 272 114 188 212 242 119 153 283 156 183
226 162 291 262 263 171 142 287
164 166 266 219 180 155 253
185 241 294 199
206 213 279 251 286
289 247 207
225 231 267 238 240 278 249 250 220
230
280 297 258 246
281 299 277

