0 2 133 7 8 9 139 268 15 143 27 156 29 30 284 32 39 40 297 48 49 178 52 54 57 63 65 202 76 211 87 216 96 228 102 107 245 122
1 4 263 266 269 146 21 34 166 47 176 50 51 53 183 117 249 124 254
258 3 136 265 10 13 17 22 23 151 25 153 28 31 33 290 35 167 45 175 55 189 191 64 68 203 77 209 98 232 106 113 120 126
5 6 262 11 12 140 14 16 272 18 37 38 41 42 43 182 59 192 195 82 83 215 89 93 222 97 231 244
264 138 19 20 24 282 287 165 171 44 173 58 61 193 197 71 73 74 204 94 105 237 121
288 36 69 72 201 273 276 118 278 26 157
163 227 255 70 291 292 299 46 112 81 144 84 116 149 119 213 154 127
256 267 148 279 281 159 174 181 56 186 187 60 75 78 214 217 224 236 110 111 123
160 129 66 67 257 101 134 198 199 233 141 79 114 219 221 62
128 194 99 164 108 109 205 80 177 188 220 86 150 90 92 95
289 135 295 170 142 283 85 152 250 155 252 285 190
248 130 132 104 234 242 115 277 184 88 253 91 125 158
161 131 100 293 103 200 169 206 147 246
230 168 137 172 208
162 196 294 235 239 145 243 180 185
229 240 179 212 247 218 286 223
259 271 270 207
225 210 226 238
296 241 275 260
274 251 261
280 298

