0 2 5 6 7 8 266 143 148 152 153 154 284 29 289 291 38 296 54 57 63 193 76 215 91 219 94 96 102 104 236 116 124 253
1 3 268 13 14 269 16 17 20 278 24 28 157 39 41 43 44 45 46 47 173 178 53 195 218 99 107 119 252 254
161 66 35 4 101 71 186 138 235 77 208 145 115 211 151 184 122 123
259 9 15 273 22 23 26 27 30 292 167 187 194 67 79 80 210 222 95 108 109 113 247
257 130 132 10 11 158 31 32 286 37 177 56 58 189 61 65 69 203 81 213 93 229 241 114
128 136 12 140 19 147 33 164 40 168 170 179 60 68 197 72 200 78 207 83 85 90 105 233 237 112
129 142 18 21 280 34 36 48 59 191 70 73 75 205 84 223 230 117 125
261 264 149 25 162 42 49 62 64 82 214 88 217 221 97 106 110 120 250
131 137 155 165 299 172 50 51 52 190 199 201 86 87 92 100 231 238 111 121
196 135 234 272 212 181 55 216
192 98 185 260 198 103 262 295 74 139 206 244 118 150 89 188 159
160 225 133 174 144 248 251 126
258 134 263 141 146 279 156 285 293 166 171 175 176 182 183 204 220 227 243 245 127
288 163 169 202 298
226 228 275 180 249 282 283
224 232 240 209 274 281 255
297 271 246 239
242 267
256 265 290 276
277 270 287
294

