0 5 10 274 154 156 29 161 35 163 40 298 52 54 55 202 76 211 225 253
1 129 258 4 260 264 19 22 23 282 162 167 299 44 45 46 172 50 51 53 184 196 77 205 85 94 246 248 249 124
2 3 6 7 8 20 155 28 31 290 171 180 57 61 189 191 192 203 89 92 96 224 99 102 112
66 36 37 9 266 11 177 147 182 183 127
34 197 41 233 12 13 14 15 114 83 21 118 25 91 125
141 16 148 24 153 152 173 47 48 49 65 194 195 71 74 204 236 240 123
257 262 199 59 106 269 206 79 238 17 18 181 56 250 27 188 63
136 267 144 145 275 150 26 32 33 289 292 38 39 168 42 43 60 190 78 217 219 226 103 231 113 241 244 121
97 130 67 215 165 169 218 235 142 84 151 88 58 279 30 287
261 263 280 285 159 288 166 294 170 186 62 207 80 98 100 228 232 237 115 119 122 255
64 256 101 134 135 104 73 137 140 143 81 120 185 216
131 68 132 133 164 229 291 75 111 271 82 179 149 283 126
160 227 69 70 230 72 105 138 139 296 109 209 243 117 87 90 247 93
108 239 176 178 116 245 86 157 95
128 297 107 110 270 272 210
174 146 214 284 221
268 175 242 212 158 254
193 259 198 234 208 187
200 265 273 252 251 220 222 223
295 201 213 278 286
281 293 276 277

