0 1 132 6 8 266 11 12 139 14 15 17 273 22 24 32 160 34 292 167 170 299 47 176 55 201 206 210 87 88 234 111 248 123
2 3 4 5 7 9 10 137 13 145 20 21 25 38 42 44 172 187 63 64 71 72 207 106 245
16 272 19 153 26 30 288 36 41 49 178 53 67 196 211 86 90 239 115 252
33 35 68 37 131 197 40 108 46 78 18 275 54 156 189 126
135 136 264 23 28 285 31 182 57 62 74 205 80 116 246 119 127 253 254 255
256 65 162 99 100 230 231 200 107 81 51 52 243 183 58 27 29
130 227 39 263 73 77 45 143 125 120 93 158 216
69 199 43 267 48 124 144 84 244 215 152 154 247 92 94
128 258 261 138 281 283 159 175 50 56 192 66 198 75 212 97 98 104 110
161 166 232 235 269 270 209 114 83 148 276 59
96 291 79 118 150 157 217 250 60 61 184
195 133 70 171 76 238 82 214 151 122 91 95
225 257 101 262 173 237 177 146 117 85 278 219 220
224 226 163 229 102 265 142 242 147 179 180 213 89 221 286
290 165 293 103 294 233 298 112 208 149 279 280 186 190
193 105 169 181 121 188 222
289 295 168 203 109 223
129 194 164 228 174 251 240 113 218 155
134 296 202 140 141 241 185 191
284 204 260 271
236 268 249 282 287
297 274 259 277

