0 1 2 3 4 5 6 9 10 265 18 19 22 24 27 28 33 36 164 168 42 49 52 55 187 64 65 74 207 105 108 115 246
258 7 11 13 141 16 147 279 285 32 35 40 43 45 47 51 70 71 76 81 89 111 123
131 133 8 12 14 144 26 282 288 38 46 175 48 177 179 56 58 61 189 66 91 100 102 121 251 252 126
266 15 274 20 23 154 283 155 30 286 34 37 39 41 169 54 197 82 116
264 17 146 21 25 157 29 159 163 167 178 57 63 193 72 204 94 101 106 236 118 122
135 145 276 31 290 165 170 44 53 185 62 77 88 98 226 104 233 238 113 114 250 124 253 127
143 151 156 166 50 59 60 194 195 69 78 206 83 84 86 92 220 93 231 234 119
96 160 67 230 75 109 110 79 80 173 269 214
257 130 260 136 139 162 291 181 188 68 199 200 73 203 212 87 215 95 107 112 117 125
227 205 242 85 120 186 223
97 99 196 134 103 262 218 296 237 209 149 150 90 284
128 161 259 217 249 263 232 297 270 243 244 153 219 222 158 191
129 138 268 142 271 216
289 132 294 137 298 299 140 272 180 182 152
248 198 174 210 148 247 184 254
171 176 240 211 277 278 190
192 225 228 293 202 235 172 267 241 275 213 183 280
208 201 239
245 295 221 287
224 229 255
256 273 261 281
292

