0 1 2 132 8 12 142 22 281 155 28 156 33 291 36 40 43 44 48 51 70 73 74 76 209 86 88 93 97 108 119
3 5 135 15 143 17 145 147 273 24 157 161 165 172 179 183 59 60 190 201 92 226
128 4 261 137 266 269 18 277 31 35 171 52 53 63 75 207 211 104 237 240 121
6 14 270 16 21 149 23 25 34 37 41 46 178 54 80 85 232 244 245 127
131 7 9 10 11 13 19 26 283 176 181 187 191 196 205 90 112 248 249 125 255
264 265 139 20 154 27 170 49 58 194 69 215 91 101 233 117 118 247 120
160 133 168 297 234 298 219 144 82 83 146 57 282 123 29
30 32 288 293 166 39 42 50 61 64 193 66 197 71 72 208 84 87 100 250
289 229 102 38 198 230 202 173 78 206 182
192 67 106 45 111 79 113 252 151 186 220 189
65 98 107 140 77 109 47 110 81 177 274 55 221 94
96 99 68 287 294 103 231 105 138 271 210 115 279 56 89 62 95
130 134 136 204 174 114
129 228 242 116 148 213 216 122 124 159
259 169 141 276 126
257 290 175 150 217 286
260 263 200 236 246 152 158
153 164 284 239
162 163 262 296 275 218 251 188
195 167 295 272 243 280
258 292 267 203 268 180 184
299 241 214 278 185
199 235 238 212 223
224 225 256 227 254 285 253 222

