0 4 5 132 8 12 13 14 25 26 155 28 30 182 64 192 72 76 207 235 237 244 248 254
1 2 3 130 10 139 270 18 20 21 24 154 27 29 33 161 292 167 47 176 57 60 208 88 91 101 103 108 110 112 114 117 119
6 9 268 16 275 32 289 37 39 168 43 299 177 52 55 63 69 70 79 84 224 116
7 135 15 19 22 38 54 58 188 61 205 80 86 220 221 104 111 239 243 120
256 133 264 137 11 17 23 31 165 294 296 42 51 183 59 66 201 213 223 99 227
144 281 34 36 40 41 46 48 56 195 74 78 85 219 228 230 236 242 118 121 252
160 129 35 131 196 231 73 170 265 81 50 115 274 124 62
298 44 45 283 145 210 187 284 222
65 97 194 100 249 232 75 77 141 49 241 53 181 215 278 185 90
96 153 67 197 134 262 203 238 113 82 209 148 149 87 89 279 125 159
257 68 260 198 166 204 123 92
287 102 71 200 138 272 94 127
280 199 202 140 83 152 122 286
128 98 105 175 186 93 95
258 106 107 109 146 211 277 150 214 246
288 162 261 234 267 142 143 180 245 216 217 189 126
259 164 136 147 282 157 255
225 297 266 172 240 151 158
263 233 173 174 269 273 179 247 250 156 253 190
226 163 290 229 293 212 184
193 291 169 206 178
171 285 191
218 251 276
271
295

