0 2 136 14 15 17 149 157 166 172 176 49 181 190 195 68 75 203 82 84 220 102 103 239 240 244
128 1 4 8 268 19 20 151 24 25 26 154 33 39 40 41 168 170 295 54 58 186 66 74 80 214 87 95 227
3 133 137 10 141 27 30 162 42 47 52 184 187 188 62 196 197 79 85 213 88 91 93 109 111 248 249
130 5 142 143 18 21 22 23 277 281 156 37 167 169 44 46 175 48 183 59 221 222 114 117
224 257 6 7 71 9 198 11 233 237 275 152 57 92 189
132 260 261 139 12 13 16 274 150 285 32 161 36 43 178 67 70 223 98 105 112 242
146 28 29 35 45 50 51 53 55 56 64 76 204 83 89 94 100 107 110 116 119 123 124
256 262 135 138 282 31 34 38 191 63 200 77 81 211 86 96 104 106 247 121
129 145 158 164 297 177 60 65 69 72 206 215 97 108 118 122 125 126 255
258 131 163 101 134 165 296 73 235 267 174 209 179 246 217 218 61 159
194 99 78 208 115 90 283
113 147 120 219 286 127
226 228 231 298 171 140 236 238 270 148 182 155 254
160 259 294 199 299 205 173 269 144 210 278 216 250
289 264 201 202 241 212 153
192 230 263 265 180 245
193 229 232 207 280 185 251
225 266 243 252 287
273 234 292 279
290 253
291 271
272 293
288 276
284

