0 1 134 7 135 15 21 154 156 28 29 164 169 49 54 60 84 92 224 97 248
2 4 133 9 10 277 33 162 35 39 42 172 47 51 184 187 190 75 80 85 86 93 105 117
258 3 259 12 14 19 20 22 151 24 161 163 37 168 298 57 59 197 70 206 212 233 235 110 125
5 6 266 11 143 146 25 283 160 34 55 56 195 76 208 98 234 107 111 120
217 293 102 122 8 138 140 236 78 79 81 209 147 180 87 89 58 30
139 268 13 270 16 274 26 27 31 32 287 38 53 203 207 221 223 230 246 127
17 18 23 36 167 40 41 46 174 177 50 52 182 64 65 67 68 196 82 214 91 96 104 112 249 251
256 227 74 43 109 48 113 183 158 285 62
128 260 136 276 278 284 165 44 45 179 188 66 71 83 213 95 101 229 231 253 126
226 69 72 141 114 119 121 124 61 94
129 103 73 170 77 173 240 145 241 118 216 218 63
192 132 100 261 199 106 238 149 181 88 153 90 222
130 99 255 294 201 237 142 152 250 155 157 159
193 225 263 267 108 210 115 116 150 123
131 198 137 299 204 205 269 175 144
292 166 200 202 171 176 178 148 244 215 185
264 273 186 295
290 262 232 245 280 189
194 219 220 191
211 228 243 239
291 242 275
289 254 247
272 265 296 252
257 281 297
271
288 286 279
282

