0 256 130 6 138 13 15 19 20 24 161 168 42 175 48 57 61 63 81 212 90 229 110
1 259 260 133 8 11 271 272 22 25 26 27 156 282 31 163 37 165 52 69 76 91 221 114 246 120
257 2 3 4 9 265 12 14 16 146 148 23 286 32 167 44 172 173 73 75 205 211 89 108 236 237 247
131 5 7 10 141 17 21 278 298 43 50 187 64 194 207 213 88 105 111 113
129 137 18 29 160 34 36 299 46 176 58 188 60 68 72 217 218 242 248
128 65 290 35 134 166 171 155 79 49 275 150 119 185 59 28 125
139 30 38 39 40 178 183 56 67 197 70 204 80 85 87 96 245 127 255
33 258 132 200 41 106 234 109 78 47 142 83 54 92 93 254
97 101 261 294 104 140 45 174 239 240 53 214 190
71 135 201 266 203 295 82 51 116 84 253 189
263 264 279 154 181 55 62 196 199 77 210 220 222 95 224 99 102 233 107 123
192 66 228 231 74 267 143 208 179 117 86 252 126
98 153 100 103 169 297 251 144 276 121 158 157 94
288 136 170 268 269 206 112 209 115 180 244 215 152 250 283 124
195 164 227 281 287 186 241 147 243 118 151 280 249 122 191
193 226 225 262 232 145 273 219
223 238 177 274 149 182 184 285 159
162 291 292 230
289 198 235 277 216 284
296 202 270
293

