0 1 2 6 135 262 9 10 12 13 142 15 16 17 146 19 269 21 25 26 28 157 290 164 294 51 67 197 201 204 206 81 211 221 240 247 253
3 4 5 7 8 138 11 14 18 20 151 30 31 32 160 39 40 41 44 46 182 55 59 187 69 90 92 229 112 113 117 118 126 255
137 273 22 23 24 150 27 35 38 42 43 298 49 50 52 181 56 185 61 191 84 86 214 94 104 105 236
139 283 29 36 37 165 296 47 180 57 65 68 199 74 79 209 83 222 227 103 233 235 237 244 250
131 260 266 275 276 153 33 168 45 58 60 64 77 208 215 217 95 224 97 101 245 123
129 259 268 270 158 34 48 53 196 70 72 73 78 85 232 234 249 122 124
98 102 198 75 140 172 173 144 210 54 88 89 120 93 62 63
193 66 194 225 133 228 136 110 80 114 147 242 121 188
96 248 132 71 263 170 76 143 82 246 119 152 183 218 220
258 195 166 295 169 111 148 212 87 184
99 100 230 141 205 145 243 149 91
128 289 162 226 291 167 231 106 107 109 238 178 189 216 156 125 159
192 223 293 134 265 108 174 115 116 280 186 155 252 127
161 130 261 202 207 176 154
163 200 264 171 203 175 239 177 179 213 281 282 219 190 286
241 251 292 271
272 254
256 299 274 288
257 267 297
285 284 277
287 278 279

