0 3 263 10 11 12 16 150 33 163 165 294 47 175 177 179 66 78 206 80 209 226 228 103 248
1 2 5 9 140 141 14 145 18 275 283 284 167 40 46 51 59 195 69 70 75 109 115 121
4 6 7 8 138 139 13 15 147 155 41 50 178 61 193 205 83 84 90 234 107 116 117 120 123 252 254
258 133 270 17 146 20 149 24 282 35 183 57 60 74 88 91 227 230 232 105 237 245 127
136 264 274 19 23 26 28 184 63 68 196 79 82 211 216 224 101 233 122 125
34 215 100 38 199 297 173 21 22 55 213 89 126 158 29 30
129 142 273 25 157 31 288 164 166 180 189 62 71 200 212 247 221 98 240 241 119
194 67 185 137 42 171 44 266 111 85 54 151 56 153 27
144 279 156 32 160 161 290 36 37 168 169 296 43 174 49 53 64 198 73 202 203 93 106 108 110 250 251
132 134 152 39 298 172 186 58 190 197 201 77 217 92 223 95 97 104 235 112 253
128 65 162 191 289 135 72 45 48 52 148 280 249 124 159
192 102 76 239 244 181 86 87 94
96 99 291 231 143 208 81 118 182 214 246 220
130 131 293 218 170 267 236 176 113 114 243 154 188 222 287
256 210 187 278
292 261 229 204 207 272 276 277 281
225 257 265 238 219 285
259 268 269 242 286
262 255
260 295
299 271

