0 129 258 4 7 21 23 152 25 155 30 36 47 50 184 59 61 190 191 68 196 80 221 100 238 111
1 2 3 6 134 11 139 13 15 275 28 287 165 45 175 177 51 55 198 241 254
259 5 14 18 279 24 289 179 52 54 66 203 90 225 227 102 235 236 117
132 8 9 10 12 16 17 20 150 29 286 291 168 178 180 63 64 65 74 207 103 119 124 253
264 143 19 147 151 34 35 37 38 39 40 41 44 48 73 76 77 78 79 83 211 88 217 91 93 233 108
137 268 22 283 27 31 32 33 293 296 60 195 75 215 101 231 104 246 121 127
58 69 71 72 42 269 46 82 84 53 181 26 220 62 159
89 288 67 70 265 202 43 81 273 274 85 149 213 56 57 156
96 224 130 199 201 144 49 94
160 133 229 230 109 270 148 276 86 182 123 92
164 281 167 232 105 266 113 209 244 87 280 185 188 222
263 170 298 172 299 142 146 242 118 214 250 95
97 98 131 161 163 228 140 110 239 248 153 126
128 162 99 197 135 136 154 138 107 234 174 210 278 122 252 125 158
192 257 292 262 106 204 141 145 115 116 216 186
255 200 169 219 112 114 120 187 284 223
171 205 176 183 247 157
193 226 166 173 243 212 245
194 260 267 249 189
256 261 237 206 251
208 218 277 271
240 272 290 295
282
285 294
297

