0 129 2 3 4 6 262 9 268 272 17 18 19 22 23 283 29 49 184 199 76 78 83 221 222
1 5 8 10 266 12 13 15 144 287 161 37 165 190 194 81 218 104 118 246 124
132 7 11 14 145 20 21 24 28 286 33 40 297 43 183 207 106 114 127
89 162 35 227 291 102 72 41 141 16 80 211 214 247 248 57 59 30
130 265 140 279 153 25 27 160 46 181 55 186 189 79 82 220 95 109 111 119
271 149 26 282 32 36 164 167 42 44 174 177 54 61 62 63 69 70 71 75 210 216 90 226 228 241 244
131 267 280 31 34 39 298 47 179 52 53 60 191 67 73 84 93 94 96 97 98 232 107
64 65 66 163 192 195 38 103 198 230 233 260 299 237 208 113 51 58
257 259 134 156 289 166 45 48 176 50 180 56 185 187 74 225 115 126 254
99 68 101 197 229 136 264 202 240 117 88 249 155 120
128 77 238 143 112 86 87 182 278 91 92
100 133 146 85 150 217 123
288 196 294 105 169 234 235 173 110 209 178 147 116 151 154
285 135 168 137 138 108 142 273 152 121 122 125
256 139 172 277 157 159
261 201 170 148 213
212 292 158 270
274 171 284 255
204 239 175 275 245
281 203 188 251
193 296 269 206 243 215 250 253
200 258 276 290
224 263 236 205 252
293 295 242 219 223
231

