0 1 258 8 11 12 21 26 31 36 164 39 52 53 189 70 198 77 224 98 233 238 242 125
65 2 69 264 73 14 112 49 18 19 50 85 145 87 184 277 155 28
3 17 148 156 160 288 55 188 76 83 212 88 92 94 96 103 236 113 116
128 226 4 100 133 293 72 173 142 143 80 51 276 280 154 252 29 255
5 135 136 263 15 152 159 33 166 41 171 62 66 209 82 84 214 234 241 115 122
6 7 139 13 147 20 24 25 158 287 32 38 44 46 47 176 183 59 63 64 78 79 109 239 245
34 162 227 71 9 10 42 137 138 140 170 16 22 118 182 187 60
294 199 40 168 200 203 269 174 111 48 81 272 23 57 215 27 61 30
132 150 278 35 163 292 56 191 194 67 74 208 95 101 229 107 123 119 250 251
131 37 281 104 106 75 43 149 86 54 89 186
97 161 105 108 45 207 146 213 217 58 91 223
99 68 260 262 167 114 179 180 117 248 90 254
129 289 165 134 102 249 297 237 153 93 222
193 290 196 266 110 206 271 243 181 283 157 127
256 291 197 261 169 202 268 141 177 178 273 274 151 120 124
195 230 205 246 121 126 253 190 286
130 228 204 270 144 218 284
192 257 259 296 172 175 240 185 220 285
232 201 211 216 219
299 210 235 221
225 265 267 275 247
282 244 231
295 279
298

