0 1 2 135 8 139 12 141 145 274 158 31 36 171 48 56 61 192 68 75 92 223 97 100 103 113 120
3 4 7 136 9 10 19 279 23 28 29 284 286 288 43 176 49 200 201 203 89 220
5 147 24 25 155 34 290 38 47 50 53 187 69 73 76 206 87 88 101 106 108
6 230 218 45 237 238 269 81 82 83 20 85 271 119 248 272 26
131 133 134 11 18 146 21 27 160 291 40 170 44 51 52 59 195 71 78 84 219 105 111 252 124
263 13 14 15 16 17 142 144 22 280 32 33 161 55 57 60 190 64 65 66 72 94 98 236 114 243 125 126
96 193 35 197 102 41 297 77 240 273 116 117 185 282 157 30
156 285 287 164 37 165 39 42 298 46 181 54 58 188 62 215 95 118 122
128 259 74 204 268 207 86 278 153 63
289 99 67 293 169 123 112 244 245 183 186 91 93
159 129 194 292 70 231 168 137 79 80 115 211 246 184 251 127
130 262 104 264 266 107 299 109 110 143 148 149 90 253
163 228 166 198 199 295 173 174 179 213 151 121
132 233 138 172 205 239 242 154
227 260 140 177 152 189 216
261 202 175 208 214 150 250 221
162 196 296 267 209 275 182 217 222
226 167
294 232 210 178 180 191
224 234 212
225 276 270 255
277 229 247
258 265 235 241 249
256 257 281 283 254

