0 1 2 3 7 9 10 12 14 150 23 279 26 27 287 34 40 42 47 64 80 89 217 222 117
4 134 136 19 30 163 169 299 178 179 180 53 55 56 190 67 198 72 84 86 87 225
129 131 5 8 11 17 18 20 21 149 280 25 153 171 45 49 57 78 79 208 82 94 236 113 115 118 119 124 126
128 130 6 138 13 15 22 154 29 285 38 46 50 51 63 68 83 88 216 91 219 96 103 231 233 114 116 251 125
261 269 16 273 24 155 31 32 33 41 43 48 60 195 202 77 209 223 101 108 111 253
135 143 282 28 284 158 161 35 36 165 44 58 188 61 189 69 70 81 85 90 218 92 93 237 240 120
132 141 274 148 152 283 289 37 39 54 62 66 75 98 102 230 234 112 242 246 123 255
65 162 99 71 105 106 235 76 205 174 207 145 52 59
133 137 146 291 296 298 172 173 182 184 192 197 73 74 206 220 221 95 97 229 104 232 107 248 121
193 194 258 100 292 166 293 265 268 109 110 241 214 215 250 286 159
227 199 264 177 210 212 244 122 254 127
139 140 272 185 186
224 167 200 297 142 270 271 211 275 281 187
196 267 239 144 175 213 245
262 263 170 203 204 147 243 181 191
160 288 259 164 168 201 266 238 176 278 151 183 156 157
256 257 226 290 228 260 294 277 247 249 252
276 295

