0 3 5 261 263 10 12 268 14 144 17 20 21 26 27 28 30 31 36 37 38 46 179 53 63 67 196 198 86 88 91 92 94 227 102 236 241 116 119 125
1 2 4 6 7 8 264 11 139 13 16 18 23 29 167 40 296 58 186 76 206 79 210 84 99
135 9 269 143 146 19 277 22 150 282 33 35 164 39 49 50 52 54 182 185 59 201 75 204 212 221 97 230 104 235
129 140 270 15 275 276 24 153 25 165 41 43 44 177 188 64 65 71 202 203 80 89 90 100 232 106 245 122 126
130 136 138 266 149 158 32 34 42 172 45 47 48 51 189 61 85 87 217 223 226 101 229 110
131 262 137 280 286 160 55 187 68 70 72 73 74 77 81 214 109 237 238 115 118
259 141 147 151 154 155 156 288 162 169 181 56 57 60 190 191 62 199 211 95 107
96 66 69 113 121
128 224 98 132 103 108 78 251 272 83 213 152 219 93 184
192 193 289 200 105 173 207 112 239 82 114 148 252
260 197 231 170 171 205 111 209 273 283
225 163 134 234 117 248 249 123
161 258 195 142 175 145 274 180 244 246 120 127
194 133 124 178 220 254
253 242 292 157
159 256 168 298 271 247 218 285 255
297 166 183
228 174 176 216 281 222
257 267 208 240 243 215 250
233 291 284 287
265 295 279
294 290 278
299 293

