0 1 3 163 134 9 187 269 79 283 17 81 56 90 27
33 2 4 198 136 76 13 16 112 18 50 114 176 22 88 152 255
5 7 10 268 19 20 276 150 23 277 157 31 291 164 61 64 72 77 95 109
256 6 135 14 158 159 290 36 46 48 49 52 65 67 80 84 86 91 227 101 231 116 118 121 253
66 199 8 104 45 206 178 83 54 183 281 122 93 30 127
11 12 15 144 21 24 29 37 165 39 41 42 169 62 69 82 96 99 241 115 243 126
145 151 25 32 288 166 40 173 53 181 63 192 197 201 92 224 236 238 248 123
226 35 100 196 71 106 148 89 26 287
131 68 260 261 146 51 55 184 249 28 216
128 129 34 98 262 103 167 105 138 75 44 234 264 85 149 182 185
161 130 259 289 38 200 202 43 142 239 270 57 59
263 168 74 107 140 205 47 250
160 194 102 154 108 204 143 209 274 211 246 280 58 220 223
292 230 232 170 266 299 141 210 147 87 60 125
97 193 225 70 296 73 139 78 207 153 286 221 94 191
195 228 297 171 203 110 111 242 180 244 124 189
133 235 267 175 251 113 273 179 212 117 120 186 219
162 132 137 271 214 119 278 215
265 237 272 177 247 217 155 156 285 222
298 172 174 240 245 190
208 218 188 252
229 233 213 282 284 254
257 275 293
258 279
294 295

