0 1 257 133 262 10 138 22 24 154 26 289 34 290 296 298 43 49 179 196 78 210 89 98 236 238 113 242 246
2 4 5 132 7 142 20 23 280 283 28 156 30 32 39 42 44 177 183 56 65 71 206 208 211 214 218 91 229 109 127
3 131 6 9 137 13 14 141 16 18 275 148 288 166 40 171 172 174 50 188 192 67 195 77 93 221 111 120
161 36 164 8 73 12 15 79 17 81 51 212 271 55 88 185 90 94
264 11 19 151 153 27 31 162 37 168 175 53 54 59 60 190 72 200 203 76 105 241 123
97 225 35 228 101 261 110 47 48 52 21 180 25 29 158
160 33 121 70 102 169 74 297 45 237 270 240 83 216 57 250 187 157
128 130 165 38 41 170 75 235 173 46 282 80 145 147 117 122
64 256 194 69 103 265 108 207 209 82 115 150 182 58 61
224 135 199 106 107 114 84 116 277 152 217 186 222 62
66 163 68 104 266 139 144 184 285 63 95
140 273 146 155 181 191 198 202 85 86 87 215 219 99 100 233 112 119 124
96 129 193 226 259 230 204 205 268 176 178 118 249 92 125 254 223
293 167 136 201 248 253 189 126
287 197 134 143 149 278 279 281 251 159
284 213
258 220 295 263
232 227 294 231
299 234 243 247
272 252 292 239
267 269 274 244 245 276
291 260 255
286

