0 64 290 102 230 109 14 110 208 283 20 85 213 90 91 28 222 190
1 2 3 135 8 9 280 30 31 287 36 165 38 39 299 48 178 188 61 199 84 114 246 253
130 4 7 10 15 18 19 148 22 29 159 160 163 291 42 43 298 56 185 67 76 207 225 231 233 116
5 6 11 140 13 16 154 32 37 44 52 184 189 75 77 79 82 214 98 107 245 249 127
263 138 12 272 17 23 24 27 296 171 46 83 217 223 97 99 232 113 243 123 124
193 34 227 295 169 265 145 273 51 119 21 125 87 88 212 26 92 93
256 258 271 275 25 289 162 166 40 45 173 47 49 54 192 69 70 205 81 89 101 115
128 129 133 143 144 152 153 156 33 35 170 50 179 55 57 96 103 104 106 237 111
68 100 132 71 168 73 41 74 202 234 235 239 264 53 86 118 216 281
195 136 137 172 241 147 221 58 59 157
161 66 226 196 197 108 141 78 278 247 251 60 63
260 200 105 139 236 269 176 211 183 248 284 62 191
65 257 229 134 167 72 201 262 268 206 121 94 95
224 215 293 142 175 80 177 209 210 117 182 151 122 155 286
131 164 203 267 270 112 146 277 150 254 120 186 158 126
194 297 238 240 242 180 149 244 252 285
292 294 174 274 181 279 282
288 228 261 266 218 187 255
204 198
250 219 220
259
276

