0 1 130 99 4 69 70 100 296 9 14 239 177 20 21 86 150
2 66 67 68 258 103 8 12 77 15 80 211 23 216 57 252 126 223
3 132 7 11 267 27 288 289 36 294 51 54 187 62 74 81 237 247 251
64 128 5 6 72 10 107 140 170 173 207 17 18 273 213 88 186
135 138 13 16 274 149 22 24 31 162 35 167 295 298 46 175 53 197 85 94 228 120
33 193 122 45 82 19 83 58 30 159
129 166 199 41 106 203 204 235 49 156 119 87 25 28 29
260 137 266 268 144 148 26 157 160 34 163 47 180 59 78 217 90 220 231 245
32 98 195 164 227 262 73 169 75 139 297 110 272 84 60
255 37 230 71 105 201 43 176 113 115 152 154 155 253 127
261 142 271 153 283 38 40 42 44 52 55 61 63 65 208 210 96 224 101 104 236 121 254
257 39 76 109 172 238 145 50 242 276 182 89 250 124 93 287
234 48 189 188 221
233 171 205 143 116 214 279 56 184 95
161 168 265 91 219 79 118 123
97 133 229 269 240 212 117 284 183 92 190 286
225 102 232 108 209 114 179 222
192 292 165 198 111 112 146 181 246 125
256 131 134 136 264 141 147 280 191
249 293 263 202 243 244 277 151 185 218 158
291 200 174 275 278 215 285
194 226 196 206 270 241 178 248 281 282
290 259
299

