0 225 163 132 9 12 238 15 241 83 85 149 189 216 92 125
1 2 5 37 122 8 136 42 74 14 16 179 52 116 212 55 58 28
256 130 3 4 6 7 10 11 13 17 19 20 22 150 25 27 35 164 50 51 186 70 71 201 88 111 239 249
129 144 18 21 279 151 24 31 287 33 39 296 46 178 57 193 73 75 210 124 254
138 23 281 160 161 34 43 44 172 173 47 48 49 184 59 64 197 202 204 94 102 233 117
259 145 152 153 26 155 29 159 36 176 177 188 61 191 192 65 67 68 220 228 105 250
141 147 277 30 32 38 40 41 45 174 54 62 200 81 211 221 227 236 114 115 243 253
101 165 199 293 234 108 82 53 181 185 255
97 69 135 170 171 78 143 80 113 146 219 148 86 247 56 91 222
96 98 162 72 106 235 237 110 206 180 284 87 120 121 251 60 183 127
66 223 262 103 231 139 76 77 142 213 118 63
258 133 166 218 140 79 208 252 89 90 156 190 95
224 194 195 229 167 137 109 207 112 273 84 154 123 93
128 99 100 131 230 264 107 175 214 215 157 126
196 134 104 203 205 242 119
257 198 232 299 275 217 158 286
226 290 291 168 169 267 240 182 187
261 265 268 269 271 209 245
289 244 276 263
260 246 278 282 285
288 292 295 266 248
272 270
274 283
280 297 298 294

