0 1 2 3 259 12 18 146 20 154 27 37 168 169 173 48 60 188 62 194 197 70 202 76 215 114 249 254
4 6 263 11 268 278 25 29 288 33 47 52 65 77 83 90 219 91 221 107 239
257 5 261 135 8 16 22 152 28 31 164 39 40 41 43 177 51 212 89 232 105 238
7 9 10 13 17 19 148 26 157 34 176 56 191 73 213 234 108 111 247
64 160 162 192 291 46 14 15 50 21 53 54 245 121
255 132 136 137 265 299 204 45 109 241 23 118 55 216 155 285 30 95
32 35 67 101 38 198 236 80 49 87 24 183 88 184 223
36 68 228 75 44 139 172 112 81 82 181 119 185 58 126
290 131 100 163 42 78 180 85 276 217 59 127 63
161 225 231 72 205 273 178 57
66 69 104 201 174 275 279 153 61
130 226 71 106 203 267 79 143 244 125 86 281 123 284 93 222
297 74 272 274 117 187 220 159
99 195 196 102 199 298 110 240 84 280 158 253 94
96 97 258 289 292 103 270 124 144 210 116 182 283 92
128 98 134 167 250 141 122 251
256 295 237 206 142 113 147 151
170 115
224 260 233 243 150 246 120 282 286
129 133 165 262 140 271 248 186 252 190
229 138 207 208 175
193 145 149 214 218 156
166 230 266 235 209 211 189
200 171 179 227
293 269 242 277 287
264
294
296

