0 262 9 10 12 271 274 275 276 22 26 283 31 38 295 59 66 68 245
1 129 3 132 263 15 16 286 37 174 51 188 60 198 73 75 209 97 229 236 110 111
256 2 4 7 138 14 20 279 29 32 33 48 50 180 182 61 64 214 221 120
130 131 5 6 146 19 24 36 292 294 167 40 297 43 299 175 52 53 187 63 70 84 224
8 11 141 17 145 277 151 25 27 157 35 291 177 55 191 67 69 197 71 74 76 211 218 91 105 107 117
65 196 230 72 136 265 266 13 77 143 81 18 114 21 92 189 94
133 23 160 34 163 45 49 54 185 186 190 80 208 82 86 89 90 99 103 238 113 118 123
260 137 149 280 28 30 287 289 41 171 46 47 56 184 58 62 83 85 87 88 93 223 96 225 98 239 246 119 122 124
161 162 195 100 39 202 44 78 112 240 248 57 154 253
128 228 101 135 231 169 42 210 115 247 152 250 155 284 95
193 290 164 134 233 106 204 142 79 244 150 158
165 102 249 170 139 172 268 269 207 116 216 121 222 127
104 108 109 173 206 176 270 282 156 125 126 159
293 168 200 140 178 183 153
194 166 203 144 147 148 252
192 259 261 199 298 267 273 179 213 217 285 255
201 181
258 227 264 205 251 272 219
281 220 212
235 237 241 243 215 254
232 226 296 278
257 234
288 242

