0 35 70 198 299 174 16 48 120 220
1 2 3 4 10 11 12 139 15 17 22 278 28 286 163 39 66 68 199 200 209 98 121 252
130 5 9 138 147 275 25 281 282 33 161 38 45 46 50 51 55 193 204 205 216 219 94 228
32 225 258 195 291 69 6 103 249 105 111 143 176 115 153 218 157
129 7 8 21 27 285 29 36 297 56 57 64 74 85 213 92 95 236 244 119
260 13 144 18 19 151 26 156 30 165 294 44 175 52 53 72 201 77 215 235 123
255 229 168 264 14 80 81 112 177 20 210 211 189 24 59 61 31
224 34 226 167 73 202 108 78 47 142 272 23 89 90 158
288 101 37 102 42 234 239 114 246 184 127
192 67 230 40 41 232 43 76 207 208 117 214 277 217 58 279 222
132 295 75 271 49 276 254 122 91 60 221 62
97 290 268 238 79 242 83 116 54 87 183 125
259 261 134 135 274 150 284 164 292 190 63 65 194 86 93 96 99 106 110 126
289 100 71 104 137 170 233 206 270 82 84 148 118 88 154
162 166 266 107 140 269 181 182 280 185
263 265 109 113 145 179 273 149
131 196 203 212 247 251 124 191
128 262 136 169 296 241 253
160 133 231 172 141 173 146 178 243 152 250 187
171 237 245 186 155 188
159 227 197 267 180 223
240 248
256 257 293 283 287
298

