0 1 2 3 4 130 136 137 10 12 19 23 151 281 26 283 162 38 166 40 296 299 45 177 56 58 186 61 64 69 71 80 93 100 125
98 99 5 103 9 201 107 203 13 109 79 297 212 181 214 285 286 223
128 6 135 8 143 20 287 31 33 292 42 54 57 66 207 86 90 110 114 121
7 11 139 142 15 18 21 25 28 158 34 163 44 50 180 67 195 198 199 72 74 82 84 216 217 218 219 95 229 104 106 117 246 247 122 123
133 261 14 16 17 288 293 39 167 172 183 59 194 73 78 81 88 225 101 105 233 115 249
262 263 272 146 22 24 154 29 32 290 41 173 47 176 70 75 215 87 221 102 240 116 127
131 132 144 149 277 279 27 30 160 295 48 55 188 65 197 235 236 113 248
97 161 35 37 108 237 112 118 94 89 282 62
129 257 36 68 43 77 46 208 49 147 52 148 150 220 190 253 126
192 168 234 266 60 111 174 241 51 211 53 213 244 284 187 92 63
227 196 294 138 298 140 76 242 85 119 156 157
96 193 226 232 169 170 141 83 179 120 91 124 189 184
185 291 134 145 243 182 280 153 251
228 200 265 171 152 155
159 256 258 269 178 210 222 191
164 165 230 202 267 274 275
268 204 175 252 255
224 259 260 205 206 278 254
289 231 264 238 239 270 209 271 273 276 245 250

