0 2 130 8 267 18 19 22 285 161 34 293 41 48 49 51 52 61 62 191 66 76 92 220 99 111 240 113 122 127
1 129 258 4 6 7 268 14 272 20 25 29 35 39 45 183 186 59 60 68 70 199 83 104 112 246
256 3 132 10 11 140 13 15 17 146 36 37 169 298 47 180 56 57 64 194 198 206 207 101 115 245 247 121
5 16 149 23 24 279 28 42 44 172 53 196 69 71 73 202 77 214 218 91 105 117
32 226 290 167 9 109 50 21 55 217 26 156 125 94 63
12 271 27 158 30 33 162 163 166 170 175 58 65 74 208 211 87 216 93 224 234 236 116 250 124 255
133 150 283 157 31 164 43 299 46 176 54 184 187 67 72 203 78 79 81 84 212 88 221 100 251 254
159 195 165 38 102 40 229 138 110 80 85 118 182 90 284 95
128 193 197 75 108 205 179 181 86 89 154 253 126
288 98 131 291 134 295 137 265 107 204 270 82 243 274 248 123
96 97 192 289 103 136 232 106 174 244 119 120 151 215 155 189 222
294 135 168 200 264 141 237 145 114 177 213 152
296 297 139 142 143 209 210 147 278 280
225 228 171 144 178 275 148 276 153 282
160 292 230 231 281 188
266 252 173
257 260 261 262 235 241 242 273 277 185 190 287
201 233 269 249 286
219 263 223
259 227 238 239

