0 1 2 271 17 149 23 24 25 285 163 292 175 52 61 64 66 72 207 214 99 114
3 4 9 12 16 19 150 27 28 31 289 34 35 49 179 182 55 107 239 249 252
5 6 39 8 14 112 241 146 254 88 26 283 29 190 159
256 7 10 11 13 15 18 20 22 152 30 288 33 36 40 169 43 73 202 76 77 83 95 98 227 100 104 108 117 253
257 130 143 21 151 290 164 37 38 41 181 65 197 79 81 213 90 234 109 113 115 126
32 67 103 75 141 173 211 212 86 89 59 127
96 70 71 231 42 205 82 147 53 87 58
153 282 155 165 171 44 45 178 51 57 186 200 78 85 219 92 97 124 125
199 295 297 170 74 236 46 119 121
230 263 270 47 48 188 222 242 54 118 56 251 120 157 94
128 225 162 226 228 69 105 123 187 206 50 210 116 91 93 63
193 132 198 137 203 235 238 272 273 84 246 185 60 255
68 293 135 218 138 139 140 144 209 148 180 183 248 122 220 62
194 195 101 102 106 111 80 208 154
166 167 264 279 142 110 177 215 156 223
160 129 224 196 133 201 265 174 145 277 217 189
192 131 259 134 136 267 172 237 245 281 221
161 229 168 296 269 278 158
294 299 176 275 216 286 191
184 204
232 233 298 260
240 266 243 287
291 261 262 268 244 280 284
250 258 276 247
274

