0 1 2 65 5 101 167 10 299 204 268 21 54 151 250 62 95
3 4 132 259 8 9 13 20 276 22 23 27 28 46 174 57 187 188 61 190 196 72 83 84 107 109 238 244 117 126
258 6 141 145 24 33 38 44 172 50 178 56 189 64 67 199 207 80 91 222 225 226 228 249 122
161 162 58 37 7 264 11 110 15 48 17 18 147 120 89 26 158
160 224 35 99 73 42 138 12 201 14 16 144 176 183 25
32 195 133 296 170 43 45 175 146 19 243
271 273 148 152 284 29 30 31 293 40 173 184 200 74 78 81 210 219 98 103 236 124
34 198 39 231 263 155 77 241 180 248 59
128 139 140 270 272 153 286 288 36 298 171 49 182 55 60 66 194 202 79 234 237 240 252 125
102 71 295 41 105 266 297 47 208 114 51 213 86 94 127
164 260 274 179 52 85 53 119 217 282 157 63
130 68 69 70 104 106 112 82 116 149 278 87 88 281 251
287 134 75 76 111 115 246 121 90 159
192 100 166 206 275 214 280 186 92 221
97 129 290 292 267 211 118 216 154 93 254 255
96 193 165 262 135 108 113 247 123 156
289 131 227 229 136 137 233 203 142 279 220
256 163 168 143 209 212 218 285 223
257 197 169 242 181 150 185 191
205 177 215 283 253
265 230 239
261 232 235 277 245
269 294
291

