0 3 10 14 15 16 273 148 149 278 25 26 165 169 186 63 79 211 86 89 122 251 253
1 2 129 4 261 135 136 12 13 274 277 23 152 279 281 286 33 40 43 48 176 56 197 71 77 207 228 104 110
5 6 133 146 283 290 39 44 46 180 182 67 198 75 80 218 94 229 240 252
257 7 263 11 141 17 147 154 29 30 32 173 52 53 57 58 188 204 223 97 103 105 235 108
132 8 18 19 22 151 282 31 36 37 49 190 66 85 96 100 106 236 113
9 42 171 174 181 54 59 60 191 64 200 82 216 95 232 109 241 117 246
130 260 144 275 20 153 157 35 168 177 193 69 76 78 208 219 238 250 125
131 142 21 34 291 164 38 294 47 51 65 72 73 202 84 212 213 217 231 237 114 121 255
280 138 107 170 234 267 50 222 118 215 24 27 61 126
98 163 227 101 167 41 203 172 45 124 81 145 156 254 55 28 62
99 68 259 102 293 74 242 83 87 88 187 92 127
196 292 70 137 175 189 120 90 91 93
160 256 194 195 226 140 111 112 271 179 185
192 201 233 265 143 115 116 243 155 284
128 269 206 209 178 119 183 123 158 159
224 166 134 298 205 270 210 150 184 287
161 162 199 296 139 239 244 276 247
258 266 272 214 249 221
225 295 299 268 220
248 230
288 289 262 264 245
285
297

