0 1 3 6 135 11 268 143 28 285 167 41 44 176 52 190 193 72 96 107
2 5 137 265 14 142 275 156 29 171 56 186 58 59 61 65 210 223 228 109
131 4 7 12 13 20 150 25 159 38 179 180 60 188 192 74 76 80 209 226 100 101 230 115
259 8 10 139 145 146 278 23 24 154 158 32 37 293 39 55 187 70 78 206 208 216 220 121 122 126
9 15 271 19 22 153 33 34 165 169 42 50 53 185 189 69 79 85 222 232 111
132 133 263 266 16 17 18 21 149 26 287 160 43 62 71 73 202 94 95 240 251 127
257 66 35 36 227 249 231 75 47 83 87 57 27 93 30 31
97 40 233 296 205 51 88
99 291 134 45 48 49 147 211 212 157 219 125
64 162 136 267 108 46 174 175 81 178 54 119 152 183 90 63
290 67 197 102 297 106 172 116 84 148 282
128 68 234 298 77 155
161 163 105 138 273 82 245 124
288 98 194 168 123 110 283 114 242 244 117 86 246 218 91 279
256 280 166 281 140 113 182 184 89 250 92 191
129 258 195 196 229 103 104 199 173 207 112 241 151 247
248 144 118 120 252
130 261 215
164 201 141 243 213 254
224 260 198 262 200 170 239 253 286
264 177
276 181
203 204 235 269 277 214 217 221
225 299 237 255
294 236 238 270 272 284
274
289 295
292

