0 2 3 7 147 20 28 30 288 34 37 296 172 174 47 51 66 70 81 217 108
1 35 102 39 10 11 44 76 107 242 211 22 151 221 246 91 60 93
4 133 6 8 9 14 15 271 21 24 49 52 58 61 208 210 87 224 106
132 5 136 265 12 16 17 144 145 146 152 281 26 156 29 32 33 38 297 45 175 48 184 185 113
13 272 277 23 153 25 282 285 36 294 40 298 181 187 195 77 218 231 109 110 240 245 121 124
249 293 154 72 43 267 173 46 79 18 114 54 86 183 122 127 31
225 67 68 200 247 42 155 269 241 19 84 243 215 27 255
161 41 74 171 141 57 157
196 134 198 168 273 50 179 148 117 182 254 90 283 125 190
64 65 97 292 69 197 142 143 112 53 118 284 123 92
128 130 261 137 275 167 169 176 55 56 59 62 80 82 83 85 95 96 100 101 104
257 228 73 204 238 207 180 149 63
280 226 289 164 165 103 71 105 201 209 116 120 251 286 159
131 227 259 135 75 235 206 239 177 278 94 186 189 126
193 98 262 138 139 78 274 115 212 119 220
248 166 232 170 244 213 276 88 89 253 158
162 99 163 291 199 264 202 140 205 111 150 223
160 129 194 266 236 219
290 233 268 178 250
192 258 260 279 188
230 263 203 299 214 222 191
216 256 234 287
229 270 295
252 237

