0 1 6 134 16 144 275 20 24 40 45 178 51 56 58 62 65 193 68 197 76 234 118
129 2 260 261 265 10 11 14 17 19 30 159 33 34 163 55 67 75 205 209 211 215 220 97 233 109 113 247
3 5 8 9 13 278 153 26 28 29 35 165 43 54 57 71 204 207 80 217 90 228
4 268 15 25 154 31 39 175 179 52 53 182 198 79 81 93 94 100 101 103 110 120 124
131 7 136 12 18 21 152 32 36 171 49 50 181 59 188 70 72 203 208 84 218 227 105 111 121 250 123
248 37 69 73 138 46 47 142 206 115 22 183 88 281 63
262 273 146 277 23 280 158 42 44 48 191 64 194 77 82 213 86 104 112 114 245
137 139 143 145 27 289 293 38 41 173 60 74 85 216 89 91 95 226 102 108 119 251
66 99 130 133 135 232 169 297 78 272 150 87 92 61 286
128 98 258 132 290 298 236 274 83 151 184 283 156 222 126
96 200 176 241 253 127
263 106 107 140 141 174 235 237 238 242 246 155 125 190
291 116 122 187 189
166 230 296 267 269 147 117 157
162 195 180 148 149 214 284 223
160 224 256 287 231 255
161 259 295 266 202 270 276
225 196 164 170 271 212 249 186
192 229 167 299 172 240 177 210 244 279
292 199 168 201 239 243 185 219 221 254
257 294 264 282 252 285
288

