0 2 137 12 142 19 26 31 165 38 168 41 192 67 210 99 238 252 123 124
1 6 263 10 15 272 21 25 28 33 39 42 45 173 58 66 69 75 204 78 88 91 227 100 102 103 108 236 120 125
3 14 16 17 23 156 36 37 167 46 47 51 52 54 187 68 196 87 218 92
130 4 5 132 9 267 20 277 24 30 34 40 44 48 49 50 176 56 61 189 191 76 208 90 96 225 232 237 113 114 244 118 248
7 265 13 18 22 155 27 32 43 179 53 55 60 62 194 73 81 89 95 112 251
259 8 266 11 271 148 280 29 35 166 172 183 63 74 80 121 101 240 249
97 98 131 153 104 105 264 107 171 110 83 221 57 157
64 163 164 261 71 296 233 143 144 207 180 117 151 122 59
275 152 281 298 174 65 197 70 72 200 77 82 84 85 93 94 228 230 109
160 258 292 134 198 79 241 245 86 285 158
193 195 133 199 106 175 111 182 215 279 126
203 205 115 211 149 154
129 289 270 212 116 213 216 186 255
161 135 136 119 250 190
257 141 146 274 283 127 159
128 229 231 295 297 299 150 184 253
138 140 145 178 276 247 217 188
139 268 206 209 181 282 287
224 256 226 260 169 235 177 147 220 223
162 293 201 170 214 278 185 222
202 243 246 254
234 269 242 219 286
273 239
262
288 290 284 294
291

