0 1 4 9 268 282 29 168 170 177 192 74 75 218 94 234 107 111 114
2 8 137 22 279 155 157 287 164 293 39 40 169 52 68 196 209 212 91 95 98 103 237 249 252 127
129 3 132 6 11 14 24 28 37 42 67 70 199 204 80 89 109 110 238 250 253
224 161 34 131 5 69 138 43 203 142 18 21 55 159
7 17 148 23 26 156 284 30 286 36 297 174 50 56 65 194 82 83 215 88 226 243
10 140 13 15 207 273 178 19 20 84 179 120 122 126 31
96 163 229 38 198 232 12 78 16 49 112 87 152 59 254
134 135 145 276 25 283 41 172 176 183 60 61 63 64 200 211 102 231 242 247
263 264 271 277 151 281 27 288 35 46 47 48 181 186 58 62 201 76 77 228 108 240 119
128 133 153 32 33 167 298 44 45 51 182 57 66 72 73 85 90 221 106 115 117 121
141 160 53 54 185 191 206 79 81 86 219 97 225 101 105 241 245 118 125
256 139 267 146 278 280 290 166 173 187 193 71 214 217 92 93 99 100 113 248
257 195 259 292 104 136 296 143 188 147 116 154 124 255
162 230 233 171 236 272 210 275 123 220 190
130 227 294 144 208 213 222
165 202 269 175 149 184 158 223
197 270 239 180 150 246 216
285 235 189 251
261 265 266 205 274
289 244 262
258 295
291 260
299

