0 1 259 6 9 140 25 281 29 160 291 36 168 172 45 181 56 60 188 62 63 65 67 204 80 217 90 218 95 229 232 110 240
2 3 5 8 267 17 20 28 288 163 37 40 299 174 47 190 193 66 88 89 93 118
130 4 10 18 279 280 155 34 165 38 42 173 46 57 68 74 208 233 251
132 7 11 13 16 23 152 27 285 287 162 39 177 51 54 61 202 76 81 92 230 103 235 236
256 135 137 12 15 144 22 24 26 31 296 43 44 59 197 72 86 102 244
35 100 69 263 41 14 82 147 222 21 154 252 157 30 191
32 33 104 169 77 78 48 49 112 19 52 83 146 55 94
64 134 71 167 105 201 265 205 50 179 119 53 150 87 58 221
128 290 255 70 198 73 272 250 91 124 159
161 228 260 138 75 142 270 176 241 271 121
226 99 258 166 297 109 237 79 148 183 248
96 98 293 111 113 274 211 84 246 249
133 199 136 170 107 175 209 178 180 85 120
97 164 231 268 141 269 242 115 186 187 286 223
192 185 195 101 295 206 238 114 210 116 117 153 158 125 126
106 278 215 184 220 253
156 194 108
129 227 298 145 213 214 151 216 122 219
261 234 203 149 123
131 264 139 239 243 275 127
289 196 143 273 254
294 200 266 171 207 212 182 189
224 225 276 247 282 283
257 277 292 245
262
284

