0 2 35 67 195 70 134 74 12 13 44 48 115 117 181 248 25 191
1 3 4 261 7 143 17 20 278 156 31 33 34 41 174 62 75 207 84 88 112 118 125
65 5 71 236 109 14 16 55 24 121 154 27 151
97 98 163 68 6 230 8 9 42 171 140 45 201 234 274 61 30
258 291 38 198 233 10 43 110 15 50 211 246 247 222
11 139 21 23 289 165 40 46 47 52 53 56 193 69 73 76 83 86 89 217 108
36 39 168 78 239 18 114 178 180 218 60 29
256 66 58 296 299 270 81 209 19 150 26 28 285 94
96 129 99 37 231 138 203 179 22 153 186 187
32 64 225 227 295 232 170 49 51 149 54 152
145 148 282 167 175 182 185 57 59 63 192 77 219 91 92 93 243 116 249 124
224 293 135 72 250 266 268 142 251 80 144 122 123 189 223
226 196 101 228 104 136 137 79 82 146 210 216 190
102 105 106 107 172 202 176 85 214 87 157 287
128 162 194 132 100 292 237 280 90
161 164 262 173 206 208 113 241 244 254 276 215 184 155 279 158 95
131 133 166 103 265 141 238 147 126 286
130 259 111 119 283
255 197 204 205 220 120 188 127
160 229 264 169 298 235 269 240 242 277 183 252 159
263 199 297 177 213
288 200 273 245 221
212
257 290 260 271 253
272 275 267 294
281
284

