0 1 2 3 5 11 12 14 21 280 26 35 37 40 169 172 53 54 190 213 101 249 114 121
130 4 6 7 8 9 134 138 13 16 274 282 155 29 158 39 52 59 63 68 217 92 94 239 240 113 247
10 270 145 19 20 22 154 27 34 36 296 46 49 177 180 182 58 193 67 72 89 220 221 103 107 119
96 71 43 236 45 15 47 242 51 23 153 215 30 31
64 98 131 133 170 60 143 174 17 157 279 25 251 28 61
66 38 230 168 231 206 111 18 147 84 244 24 122 124 152 126 216
257 135 32 33 292 41 42 56 186 80 86 93 95 97 232 234 108 116 120 250
69 166 74 44 76 269 79 48 112 241 87 55 278
136 268 148 286 161 164 299 50 178 57 62 65 77 81 82 209 88 106 117 252 127
224 129 291 100 229 70 263 203 142 144 146 83 118 283
196 228 73 266 110 188 211 151 90 156
259 132 260 141 276 149 150 287 162 295 171 173 176 183 187 75 78 85 91 222 99 102 104 235 109 243 246
256 288 167 264 105 202 238 223
128 137 201 298 140 273 210 115 179 181 123 125
200 297 139 175 219 255
160 248 197 207 277 184 159
163 165 261 204 205 272 275 189
192 195 262 233 208 212 185 253 254 191
289 194 226 227 198 199 271
258 294 265 267 237 245 214 281 284
225 218 293
285
290

