0 1 130 6 139 269 15 278 23 152 29 37 297 48 50 180 65 68 69 77 206 210 88 102 239 249
2 3 8 9 136 11 138 13 14 140 144 17 153 28 30 31 35 36 39 168 42 171 298 179 53 64 79 82 87 91 100 104 106
131 4 5 7 10 20 21 280 26 27 32 33 34 293 49 186 66 194 73 76 92 98 232 107 113 115
256 12 16 273 18 151 25 163 164 44 46 174 52 54 60 192 81 95 96 110
132 260 134 142 271 272 19 22 24 40 45 173 55 57 190 72 74 225 246 119
97 290 292 38 71 198 43 108 109 78 47 236 114 211 125 61 158 223
224 226 67 231 41 75 80 178 51 56 94 253 62
195 196 227 166 103 154 299 141 209 242 147 150 217 58 155 156 159
99 70 105 169 266 240 149 59
129 116 277 86 121 63
294 200 172 204 268 111 176 145 270 83 117 182 90 286 126 127
228 230 267 175 208 146 84 85 247 89 219 220 93
257 101 167 202 237 112 177 216 124 222
197 201 235 118 183 120 122 284 184
161 289 165 137 203 143 207 243 244 181 245 279 123
128 258 133 264 241 281 285
162 255 135 170 234 187 189 254 191
199 295 148 213 188 157
160 275 205 262
288 193 238 214 185 251
296 233 212 215 218 283
229 252 221
248 265 276
250
282 274 259 287
261 263
291

