0 3 6 8 9 12 14 149 23 283 30 164 42 51 53 58 200 80 83 212 217 234 109 116 117 246 123
1 2 129 4 5 7 10 11 15 143 18 19 25 26 27 33 35 165 38 299 178 181 54 187 64 195 215 88 218 223 106 114
261 13 270 17 20 21 22 28 29 34 39 170 43 46 48 63 76 77 205 86 93 225 98 104 121
258 259 133 16 24 153 154 31 32 287 36 37 40 41 44 49 188 71 72 75 210 92 101 244 124
290 67 228 135 137 138 45 174 47 50 243 213 245 57 60 61
264 139 141 269 145 146 162 163 168 177 52 62 65 193 199 73 203 204 207 113 252
274 152 156 159 288 296 55 56 59 66 194 68 78 79 81 82 94 97 227 100 103 235 118 120 254
226 132 69 70 197 260 74 147 180 85 150 214 155 158 95
192 131 167 136 298 107 172 176 273 84 126
291 102 122 105 171 110 208 242 115 189 87 248 90 157 255
229 230 263 295 108 119 183 89
96 224 130 99 232 173 142 219 271 148 276 247 253 186 91 125
166 140 206 111 112 144 179 277 281 285 191
161 257 198 134 275 185 250 251 127
128 256 292 236 272 182 278
160 294 211 151 286
231 169 202 268 241
237 238 175 221 222
289 196 293 297 266 184
201 233 279 280 249 190
240 209 216 282 220
265 239
267 262
284

