0 256 4 5 10 18 20 25 282 288 42 170 45 48 176 51 52 53 56 62 200 94 103 107 113 241
1 3 133 7 8 9 263 13 269 17 278 29 158 159 161 292 44 46 60 69 75 216 95 104 234 236 243 253 125
2 6 135 11 16 19 26 31 32 33 160 36 164 39 41 169 174 47 49 50 177 182 55 59 187 67 68 72 202 85 121 255
12 140 14 148 21 150 27 34 290 291 171 178 179 186 63 198 199 73 74 77 78 81 212 87 221 224 112 242
15 22 156 28 35 38 181 54 188 195 206 210 119 92 102 108 109 247 123
128 262 268 143 274 147 23 24 153 154 280 30 287 37 293 167 40 296 43 173 57 185 61 189 192 65 66 213 88 105 235 237 110 118 248 252
129 131 137 141 151 152 163 166 294 180 183 58 64 70 80 83 215 217 223 225 226 99 233 244
130 101 122 71 168 106 139 76 250 207 144 208 82 84 120 281 90 222
97 165 134 229 265 111 79 114 184 155
259 136 266 145 275 276 286 289 172 193 203 86 89 218 91 93 228 240 117 251
257 260 273 146 149 157 175 196 197 204 220 96 230 231 116 245 246 126 127
98 162 132 100 138 205 142 238 271 209 115 277 214 124 190 191
258 194 227 261 201 297 267 299 239
249 211 284 219
232 264 254
298 285 270
272 283 295
279

