0 128 2 133 6 10 138 14 145 22 151 25 31 32 296 43 175 205 81 82 216 219 101 230 108 113 115 119
1 65 3 4 5 130 162 198 231 234 262 140 13 144 210 148 187 28
7 8 265 139 270 17 24 280 26 27 38 166 171 172 48 53 64 204 87 217 93 116 245 246 123 252 125
9 11 16 18 19 157 30 42 173 49 50 52 188 69 75 84 92 96 249
12 15 20 21 23 281 155 29 34 37 167 47 185 61 192 194 197 77 86 103 253
33 67 292 41 74 44 46 271 176 273 247 184 59
35 163 39 200 218 170 263 142 51 83 118 55 90 91
98 195 36 196 60 156 248 124
290 164 71 40 105 203 238 241 244 251 254
225 287 186 297 106 107 267 45 54 120 58 126 63
68 70 135 73 137 169 76 233 282 85 182 278 56 154 189
121 259 295 72 168 110 277 214 57 285 62
257 147 276 150 284 158 160 174 178 66 202 206 79 89 95 229 112 114 117
97 129 131 100 266 109 78 213 183 88 222 94
161 289 99 227 165 102 104 201 264 235 143 80 242 279 283 190
255 132 134 199 294 299 111 152 127
136 141 240 272 179 180 181 212 243 122 220 221 159
224 288 226 207 209 146 211 274 149 215 153 250 223
177 268 286 191
193 258 236 298
208 275 293
291 260 228 232 237 239
256 269 261

