0 1 2 5 7 9 140 13 18 277 22 152 283 289 36 167 169 44 47 49 177 51 53 199 76 77 212 221 95 96 237 115
3 4 11 15 19 25 26 30 295 40 62 65 196 201 202 78 89 94 228 109 118
133 6 8 137 10 264 12 144 21 24 285 34 35 38 166 41 52 184 189 63 64 66 203 223 97 227 103 104 231 233 116 244
39 72 297 141 14 46 16 17 173 20 182 55 88 57 27 279 31
23 28 29 287 33 161 164 42 45 50 54 186 58 60 195 71 210 238 123
257 135 136 139 150 32 37 48 179 59 67 79 82 85 91 98 101 105 107 239 242 248 251 124 254
280 291 68 266 43 108 111 145 56 90 92
162 100 70 230 232 74 250 282 175 273 61 86 151 154 93
99 69 197 73 106 142 270 112 81 274 83 84 119 246 87 120 247
128 256 292 102 138 75 170 110 174 80 241 252 181 187 156 127
130 258 260 290 198 262 296 207 113 114 209 284 157 222
229 293 171 211 117 213 153 190 191
132 200 265 271 272 147 149 121 158
160 226 134 205 269 143 214 185 122 219 188 255
288 129 225 165 168 148 276 215 216 217 125
193 131 163 268 146 178 243 245 275 155 126
298 278 206 159
224 234 204 172 236 240 281
176 263 183
192 194 267 235 299 180 286
261 294 208 249 218 220 253
259

