0 2 258 5 134 9 13 14 279 24 282 31 160 289 37 166 44 174 65 76 88 91 97 110 114 247 250
1 161 3 133 229 103 45 16 83 211 149 118 55 59 127
4 136 18 21 23 155 27 30 32 34 41 175 51 62 66 67 194 69 78 219 93 252
261 6 11 139 142 144 19 20 278 25 290 35 164 165 293 171 52 63 71 74 84 217 227 240 120
7 8 137 10 17 273 148 277 26 157 158 33 292 48 179 57 60 72 73 101 239 117
12 15 22 28 159 162 36 294 39 40 46 54 61 192 75 208 82 105 107 236 238 241 246 125
262 272 150 153 29 42 176 49 53 183 190 196 70 207 87 89 104 109 248
64 128 130 224 100 256 38 135 43 299 47 80 116 86 222
129 131 260 172 113 50 213 184 221 122 92 189 94 95
257 197 265 205 79 242 56 90 156 286 216
96 225 99 68 259 154 168 108 77 112 115 276 181 245 58 123 253 254
98 163 232 106 203 140 141 206 81 145 146 209 210 251
288 195 102 199 231 264 266 111 274 147 85 119 280 218 188 126
291 132 228 202 270 143 151 152 121 124 285
226 230 200 169 138 177 178 180 185 187 223
198 167 170 243 186 220
263 235 237 173 269 212 214 283
234 182 215 249 284 287
244 268 191
193 295 298 271 275 255
296 201 233 267 204 297 281

