0 4 5 36 132 154 9 42 169 293 238 79 146 26 251 30 287
1 2 34 98 197 186 176 17 272 56 90 220
3 6 7 8 134 10 138 14 15 18 20 21 22 23 285 39 295 174 57 62 72 73 76 93 223 225
160 35 68 37 11 171 13 239 50 19 243 125 182 221 152 121 29 158
33 105 203 12 204 16 115 52 254 54 118 24 183 187 190 95
128 217 102 198 294 106 44 108 144 84 214 247 25 123 31 63
65 130 67 100 140 109 78 270 177 58 27 28
32 70 135 170 75 175 156 178 51 86 119 92
96 163 38 41 74 43 107 139 266 111 112 49 81 245 253 250 157
162 166 231 40 267 77 45 46 48 208 269 179 211 188
192 129 224 69 71 232 47 143 113 209 147 244 53 89
131 260 230 207 271 82 275 180 184 55 120 122 91 94
97 99 196 165 291 168 201 110 283 212 87 59 60 286
193 66 194 101 261 233 297 172 80 148 213 276 189 88 215 61 127
64 161 258 103 237 114 83 116 85 210 280 281 155 124
256 104 136 149 151 153 252
195 228 133 259 167 200 137 265 141 142 205 117 181 279 216 222 126
145 206 150 159
227 164 268 277 278 248 218
290 249 202 173 241 242 185 219
296 229 262 191
226 199
274 234 235 246
257 292 299 236 282
240 264 298
288 263 255
273 284 289

