0 1 2 5 136 11 12 267 15 17 22 279 30 292 165 167 51 179 186 62 64 65 71 73 77 212 218 223 224 122
130 3 4 8 146 147 276 149 24 282 283 35 176 53 61 68 75 76 207 86 226 227 244 254
193 98 100 6 168 169 42 202 45 173 16 208 18 85 89 188
66 99 131 101 164 7 72 9 270 143 240 113 242 21 119 29 94
133 264 265 10 266 141 275 25 28 160 36 295 297 44 55 79 105 107 109 237 239 241 118
258 134 138 140 13 14 272 274 26 27 159 38 48 49 50 178 56 60 196 70 201 203 83 102 230 106 112 243 247 120 249 250 127
128 97 194 259 198 135 41 43 171 114 19 181 54 277 154 124 189
33 293 39 170 142 80 211 20 87 23 278 285 155 156 253 222 63
257 34 67 162 197 268 205 110 81 52 84 180 184 90 59 284 31
32 96 161 233 78 47 206 245 153 190
129 269 163 37 166 40 174 182 183 185 88 91 221 103 232 234 236 116 251 126
74 139 108 46 273 82 215 152 57 58 219
191 225 290 69 172 111 144 115 148 125 123 92 93 158 95
248 289 195 228 231 104 137 235 145 117 150 151 214 121
288 291 132 200 204 175 209 246 220 157
192 256 261 262 281 177 210 216 217 187
287 294 263 199 271 252 255
229 299 238 213 280
296 298 260
286

