0 1 2 3 258 5 134 13 142 271 18 154 26 43 44 50 178 188 198 205 210 85 219 123 124
129 4 265 138 139 16 22 156 29 161 289 36 37 38 39 170 47 48 57 77 212 88 224 100 236 112 250 251
128 6 7 8 9 10 136 137 17 146 19 158 162 167 40 168 169 175 62 75 209 86 93 94 102 237 241 253
33 34 233 11 12 109 270 111 207 208 20 148 54 23 118 187 191
256 14 21 25 35 164 295 55 185 63 67 70 80 96 103 105 238 248 249 125 255
32 68 69 72 74 279 110 15 113 147 84 119 27 60
131 133 263 274 280 24 152 157 30 172 52 53 65 87 222 95 97 107 127
166 108 81 114 83 252 151 184 58 28 286 31
64 192 66 226 293 41 299 76 79 177 273 246 281 61 126
193 257 132 101 71 42 268 46 49 82 115 242 275 183 215
225 99 163 195 135 218 266 297 140 45 78 51 211 150 121 122 59 190
228 197 230 262 104 73 201 203 267 173 117 56 92 292 287
196 229 106 141 174 145 180 276 247 89 90 91 223
98 202 149 182 213 120 282 220 285
160 130 260 165 171 269 143 243 116
294 264 144 179 244 155 284 189
200 234 239 214 278 153 159
194 259 290 199 206 176 245 216 221
261 235 204 240 181 186
232 217 272
291 227 231 277 254
296 283
288
298

